Wort,Anzahl im Text,Anzahl im Titel,Anzahl Gesamt
ai,11739,526,12265
also,6686,9,6695
use,4512,38,4550
intelligence,3953,265,4218
artificial,3808,264,4072
say,3987,8,3995
company,3724,42,3766
new,3057,49,3106
work,3038,40,3078
year,2724,9,2733
time,2657,7,2664
could,2611,12,2623
make,2587,20,2607
chatgpt,2458,143,2601
technology,2547,30,2577
people,2493,9,2502
system,2494,7,2501
one,2345,2,2347
date,2313,10,2323
example,2323,0,2323
would,2275,1,2276
model,2152,7,2159
want,2102,46,2148
well,2015,13,2028
text,2018,10,2028
many,1950,1,1951
even,1914,4,1918
like,1788,15,1803
however,1746,0,1746
google,1639,54,1693
already,1652,9,1661
human,1594,11,1605
write,1584,14,1598
question,1586,9,1595
call,1579,12,1591
long,1571,3,1574
first,1556,8,1564
create,1546,11,1557
take,1551,6,1557
world,1532,24,1556
software,1530,13,1543
accord,1531,4,1535
come,1508,7,1515
chat,1449,40,1489
future,1437,16,1453
percent,1443,1,1444
microsoft,1364,57,1421
still,1394,8,1402
large,1343,2,1345
know,1330,14,1344
see,1332,11,1343
program,1328,5,1333
language,1316,6,1322
good,1296,17,1313
machine,1275,15,1290
start,1260,28,1288
develop,1276,6,1282
open,1245,20,1265
change,1247,13,1260
answer,1247,10,1257
group,1239,7,1246
help,1223,19,1242
research,1212,20,1232
digital,1200,24,1224
development,1219,3,1222
show,1216,5,1221
user,1212,6,1218
become,1170,14,1184
application,1170,5,1175
information,1163,8,1171
find,1143,4,1147
get,1122,14,1136
important,1128,6,1134
look,1121,6,1127
base,1120,0,1120
result,1065,1,1066
germany,1032,20,1052
way,1021,2,1023
german,1005,15,1020
computer,996,18,1014
since,1012,0,1012
high,1001,7,1008
possible,993,3,996
two,993,0,993
risk,972,18,990
case,986,0,986
need,969,9,978
area,974,2,976
whether,968,1,969
thing,960,1,961
chatbot,894,49,943
billion,920,19,939
learn,917,14,931
much,924,4,928
far,924,1,925
give,908,7,915
around,908,4,912
think,909,3,912
able,907,1,908
image,890,10,900
currently,898,2,900
go,883,12,895
university,884,11,895
report,880,4,884
industry,870,14,884
end,871,7,878
market,867,9,876
voice,870,3,873
day,868,3,871
content,854,5,859
great,846,8,854
train,846,5,851
openai,822,24,846
ask,839,3,842
medium,826,3,829
offer,820,6,826
service,821,4,825
problem,817,2,819
gpt,795,21,816
hand,814,0,814
generate,797,13,810
addition,806,1,807
picture,796,10,806
search,798,7,805
course,802,2,804
every,789,8,797
without,785,9,794
often,788,1,789
fact,784,1,785
test,770,13,783
school,753,28,781
increase,778,2,780
business,759,18,777
part,772,4,776
expert,766,6,772
must,766,4,770
employee,759,11,770
process,768,0,768
order,767,0,767
mean,766,1,767
state,755,7,762
us,749,12,761
real,752,5,757
right,754,2,756
life,745,6,751
almost,744,3,747
always,738,0,738
video,735,2,737
million,729,7,736
deal,728,5,733
job,708,21,729
point,727,1,728
internet,710,12,722
regulation,701,20,721
robot,696,24,720
lead,716,2,718
speak,709,6,715
protection,702,8,710
social,698,2,700
topic,700,0,700
altman,662,33,695
last,690,2,692
therefore,691,0,691
lot,681,1,682
word,675,3,678
current,667,5,672
today,666,3,669
law,650,14,664
data,658,3,661
different,658,0,658
tool,642,10,652
understand,647,4,651
present,637,11,648
include,645,0,645
control,630,8,638
three,630,3,633
product,623,6,629
federal,617,10,627
student,620,2,622
customer,620,1,621
clear,617,1,618
may,616,1,617
project,611,5,616
old,609,4,613
study,592,16,608
next,603,5,608
recognize,601,5,606
training,601,3,604
least,599,1,600
bot,591,7,598
network,594,2,596
person,595,1,596
week,591,3,594
play,587,5,592
bring,573,14,587
musk,563,23,586
decision,583,1,584
task,583,0,583
number,582,0,582
explain,580,2,582
something,581,0,581
month,568,2,570
platform,567,2,569
public,569,0,569
app,558,11,569
researcher,558,10,568
idea,565,1,566
science,550,10,560
generative,549,10,559
together,555,2,557
available,554,2,556
openaai,532,22,554
among,552,0,552
support,548,2,550
author,545,4,549
european,543,4,547
film,542,4,546
online,542,3,545
country,541,2,543
eu,525,18,543
certain,538,1,539
center,532,5,537
knowledge,521,15,536
developer,517,17,534
little,531,3,534
announce,524,8,532
term,530,1,531
actually,528,1,529
provide,526,2,528
security,522,5,527
government,512,14,526
plan,516,9,525
really,521,3,524
team,520,2,522
place,519,1,520
try,517,3,520
less,513,3,516
child,508,5,513
view,505,2,507
small,503,3,506
publish,504,1,505
completely,503,1,504
potential,496,5,501
euro,494,4,498
level,493,5,498
car,490,7,497
past,495,1,496
head,494,1,495
behind,485,5,490
quickly,488,1,489
form,486,3,489
big,485,3,488
ago,487,0,487
photo,477,10,487
recently,486,0,486
rule,480,6,486
music,469,12,481
founder,476,4,480
especially,480,0,480
experience,476,2,478
europe,468,9,477
tech,466,9,475
free,470,4,474
consider,468,5,473
yet,472,0,472
book,455,8,463
algorithm,461,1,462
difficult,460,1,461
second,459,1,460
technical,455,1,456
another,454,2,456
continue,456,0,456
share,450,5,455
function,446,4,450
legal,447,1,448
version,443,3,446
follow,445,0,445
everyone,440,5,445
boss,421,22,443
opportunity,430,9,439
believe,435,4,439
build,434,3,437
talk,433,3,436
news,427,9,436
back,431,4,435
demand,423,11,434
warn,421,13,434
read,428,5,433
man,426,6,432
minister,422,9,431
teacher,421,8,429
co,414,14,428
fear,421,6,427
power,425,2,427
berlin,416,9,425
everything,422,3,425
put,419,5,424
office,416,8,424
cost,423,0,423
fake,406,16,422
begin,420,1,421
remain,419,1,420
access,414,2,416
meta,400,15,415
similar,413,1,414
director,412,1,413
effect,413,0,413
particularly,412,1,413
value,412,1,413
design,406,4,410
drive,403,6,409
source,408,1,409
role,405,4,409
b,408,0,408
field,407,1,408
art,396,11,407
sound,405,1,406
keep,404,0,404
soon,397,7,404
learning,404,0,404
several,403,0,403
run,400,3,403
early,399,2,401
saill,397,3,400
individual,399,0,399
4,391,7,398
bard,383,15,398
society,395,2,397
money,392,3,395
target,393,1,394
investment,393,0,393
game,390,2,392
replace,381,9,390
seem,389,0,389
instead,381,3,384
general,382,0,382
sometimes,379,1,380
provider,377,2,379
turn,376,2,378
board,376,1,377
due,375,1,376
name,373,2,375
expect,370,3,373
authority,367,6,373
artist,371,1,372
engine,367,4,371
focus,369,1,370
danger,362,8,370
necessary,368,0,368
self,366,2,368
check,368,0,368
innovation,367,1,368
concern,362,3,365
ten,362,1,363
step,363,0,363
reason,362,0,362
scientist,362,0,362
thus,361,0,361
investor,357,4,361
act,354,7,361
economy,294,66,360
leave,355,5,360
set,357,2,359
twitter,355,4,359
four,354,4,358
probably,354,1,355
young,353,1,354
apple,348,6,354
american,354,0,354
goal,352,0,352
live,351,0,351
fast,348,3,351
article,349,0,349
feel,347,2,349
exactly,348,1,349
five,340,5,345
short,345,0,345
exist,342,1,343
specialist,343,0,343
bing,332,11,343
energy,336,5,341
personal,339,1,340
emphasize,338,1,339
chip,329,9,338
pay,338,0,338
tell,336,1,337
solution,335,0,335
easy,333,1,334
letter,330,2,332
hardly,330,1,331
happen,328,2,330
production,330,0,330
sale,327,3,330
quality,330,0,330
never,327,2,329
performance,329,0,329
post,327,1,328
receive,325,3,328
produce,325,2,327
record,324,3,327
amazon,313,14,327
conversation,323,3,326
simply,324,0,324
complex,323,0,323
late,320,3,323
competition,314,8,322
describe,322,0,322
sentence,320,0,320
age,316,3,319
price,319,0,319
president,312,6,318
brain,313,5,318
special,317,1,318
economic,316,2,318
apply,317,0,317
improve,314,2,316
cause,315,1,316
manufacturer,306,10,316
states,314,1,315
basic,311,3,314
responsible,313,1,314
song,311,3,314
china,307,6,313
cloud,308,4,312
house,306,5,311
discussion,309,2,311
subject,310,0,310
series,309,1,310
amount,310,0,310
enough,310,0,310
united,309,0,309
aind,308,0,308
face,307,0,307
half,302,5,307
benefit,304,3,307
ie,305,1,306
position,301,3,304
progress,303,1,304
limit,301,3,304
non,303,0,303
move,300,3,303
ensure,300,2,302
rather,301,1,302
partner,299,3,302
nothing,296,4,300
statement,298,1,299
bad,298,1,299
munich,256,42,298
affect,295,3,298
everyday,295,2,297
profit,293,4,297
woman,293,3,296
require,295,1,296
approach,295,0,295
found,291,4,295
third,293,2,295
event,294,1,295
conference,289,5,294
story,292,2,294
apparently,291,3,294
education,274,20,294
fall,293,1,294
institute,292,0,292
challenge,291,1,292
manager,289,3,292
alpha,262,28,290
hour,290,0,290
significantly,288,1,289
advantage,289,0,289
correct,287,1,288
copyright,285,3,288
dollar,283,5,288
powerful,286,1,287
appear,286,0,286
decide,283,2,285
device,282,3,285
later,284,0,284
wrong,282,1,283
compare,280,1,281
regulate,275,6,281
minute,278,2,280
close,277,2,279
lose,276,3,279
ceo,268,9,277
climate,271,6,277
association,273,4,277
global,277,0,277
elon,256,21,277
reach,276,0,276
huge,274,2,276
professor,276,0,276
front,274,1,275
simple,275,0,275
space,275,0,275
list,275,0,275
success,268,6,274
basis,274,0,274
press,272,2,274
interview,270,4,274
deep,271,3,274
invest,265,8,273
add,272,1,273
increasingly,272,1,273
nvidia,261,10,271
situation,270,1,271
enable,271,0,271
humanity,269,2,271
strong,267,3,270
usa,263,6,269
member,268,1,269
grow,266,2,268
agree,263,5,268
website,266,1,267
hype,257,10,267
let,260,5,265
previous,264,0,264
top,261,2,263
meet,261,2,263
promise,261,1,262
side,260,2,262
city,261,1,262
english,261,0,261
break,257,4,261
discuss,259,1,260
measure,256,2,258
management,257,1,258
war,258,0,258
2022,255,3,258
health,256,1,257
message,257,0,257
actor,250,6,256
material,255,1,256
entire,254,0,254
various,253,0,253
exam,250,3,253
possibility,252,0,252
3,251,1,252
hope,248,3,251
FALSE,245,6,251
union,250,1,251
creative,248,2,250
digitization,244,6,250
publication,248,2,250
stand,249,0,249
generator,242,7,249
reality,247,2,249
intelligent,245,3,248
sam,216,32,248
moment,246,2,248
camera,247,1,248
generation,246,0,246
manage,246,0,246
code,246,0,246
international,243,2,245
prevent,243,2,245
spread,245,0,245
party,242,2,244
debate,241,3,244
inside,244,0,244
attack,236,7,243
save,239,4,243
contain,242,0,242
protect,240,2,242
traffic,236,6,242
interest,241,0,241
survey,238,3,241
stock,236,5,241
love,238,2,240
financial,240,0,240
finally,240,0,240
achieve,238,1,239
quarter,237,2,239
exchange,234,4,238
assistant,233,5,238
2,231,6,237
influence,236,1,237
strike,232,4,236
allow,236,0,236
via,235,1,236
political,232,3,235
advertising,230,5,235
suppose,227,8,235
mirror,103,132,235
condition,235,0,235
strategy,231,2,233
activity,233,0,233
growth,231,1,232
professional,231,1,232
release,226,5,231
common,228,2,230
foundation,230,0,230
quite,230,0,230
analyze,228,1,229
smartphone,223,6,229
worldwide,228,1,229
integrate,228,1,229
reduce,227,2,229
consequence,227,1,228
hear,227,1,228
action,224,4,228
star,220,6,226
colleague,223,1,224
20,223,1,224
cooperation,222,2,224
background,223,0,223
depend,220,1,221
evaluate,220,1,221
stop,220,1,221
opinion,219,2,221
class,213,7,220
error,219,1,220
alone,220,0,220
e,215,5,220
rely,214,6,220
figure,216,3,219
ministry,216,3,219
chief,217,1,218
facebook,214,4,218
autonomous,216,2,218
communication,216,1,217
light,208,9,217
commission,217,0,217
purpose,216,0,216
predict,214,2,216
race,207,9,216
thousand,216,0,216
claim,214,2,216
refer,215,0,215
worker,208,7,215
trust,210,5,215
fund,212,2,214
whole,214,0,214
lack,212,1,213
six,213,0,213
sense,213,0,213
although,212,0,212
organization,212,0,212
mistake,212,0,212
100,210,2,212
matter,211,1,212
politic,200,11,211
care,211,0,211
initially,209,1,210
determine,209,1,210
arise,210,0,210
patient,209,0,209
relationship,208,1,209
private,207,1,208
central,207,0,207
original,206,0,206
threaten,196,9,205
correspond,205,0,205
structure,205,0,205
history,203,1,204
agency,203,1,204
experiment,200,3,203
standard,200,3,203
politician,200,2,202
culture,191,11,202
principle,202,0,202
capital,202,0,202
account,202,0,202
document,200,1,201
szde,2,199,201
recent,199,2,201
formulate,201,0,201
automate,200,0,200
sign,198,2,200
successful,198,2,200
council,194,6,200
expand,198,2,200
low,199,1,200
family,195,4,199
enter,199,0,199
solve,197,1,198
miss,196,2,198
line,197,1,198
option,198,0,198
november,198,0,198
30,198,0,198
requirement,196,1,197
former,196,1,197
numerous,197,0,197
x,197,0,197
intend,196,0,196
court,194,2,196
trigger,196,0,196
tesla,191,4,195
return,182,13,195
page,195,0,195
request,195,0,195
usually,194,0,194
method,192,2,194
complete,193,0,193
environment,193,0,193
react,191,2,193
department,191,2,193
cell,189,4,193
speech,189,4,193
detail,192,1,193
medical,193,0,193
particular,192,0,192
assume,192,0,192
within,192,0,192
send,190,2,192
involve,188,3,191
yes,190,1,191
journalist,191,0,191
context,190,0,190
2023,184,6,190
type,189,0,189
email,187,2,189
processing,189,0,189
per,188,0,188
away,188,0,188
calculate,188,0,188
scientific,187,0,187
tuesday,187,0,187
specific,186,0,186
recognition,185,1,186
previously,186,0,186
comment,186,0,186
eye,184,2,186
location,183,2,185
procedure,184,1,185
likely,184,1,185
lawyer,181,3,184
doctor,180,4,184
black,182,2,184
external,184,0,184
convince,182,1,183
identify,183,0,183
carry,182,0,182
recording,182,0,182
room,182,0,182
home,181,1,182
rate,182,0,182
alphabet,176,5,181
damage,180,1,181
positive,181,0,181
attempt,180,0,180
analysis,177,2,179
serve,179,0,179
dangerous,171,8,179
mother,174,5,179
water,178,1,179
anyone,178,1,179
interesting,179,0,179
phone,177,2,179
wednesday,178,0,178
technological,177,0,177
directly,177,0,177
deliver,174,2,176
raise,173,3,176
buy,174,2,176
nevertheless,176,0,176
style,176,0,176
feed,176,0,176
mention,176,0,176
hundred,174,2,176
draw,173,2,175
magazine,174,1,175
tip,172,1,173
thursday,173,0,173
clearly,172,1,173
shape,173,0,173
enormous,169,4,173
suitable,173,0,173
thank,164,8,172
friday,171,0,171
force,171,0,171
full,170,0,170
perspective,170,0,170
hamburg,166,4,170
crisis,168,2,170
parliament,164,6,170
scene,168,1,169
input,169,0,169
difference,169,0,169
administration,165,4,169
accessible,167,1,168
ever,166,2,168
issue,167,1,168
imagine,168,0,168
connection,168,0,168
labor,162,6,168
evaluation,166,2,168
behavior,167,1,168
promote,165,2,167
york,162,5,167
smart,164,3,167
extremely,166,0,166
primarily,166,0,166
bank,164,2,166
british,165,1,166
forecast,165,0,165
police,160,4,164
nobody,161,3,164
industrial,164,0,164
examination,164,0,164
maybe,163,1,164
representative,164,0,164
editor,164,0,164
despite,163,1,164
march,163,0,163
driver,163,0,163
independent,163,0,163
ultimately,163,0,163
virtual,160,3,163
chance,158,4,162
comparison,161,1,162
body,160,2,162
someone,161,0,161
campaign,159,1,160
relevant,160,0,160
additional,160,0,160
finance,157,3,160
critical,160,0,160
teach,159,1,160
cancer,159,1,160
link,160,0,160
fight,158,1,159
frankfurt,152,7,159
2021,159,0,159
worry,157,2,159
pattern,159,0,159
player,157,2,159
giant,159,0,159
practice,159,0,159
paper,158,0,158
framework,157,1,158
collect,158,0,158
ability,158,0,158
stage,157,1,158
database,158,0,158
operate,155,2,157
aim,155,2,157
agreement,156,1,157
key,155,2,157
speed,155,1,156
popular,156,0,156
fail,153,3,156
monday,156,0,156
criminal,153,3,156
responsibility,154,2,156
chinese,156,0,156
street,156,0,156
immediately,155,0,155
fan,154,1,155
adapt,155,0,155
notice,155,0,155
competitor,150,4,154
profession,154,0,154
contribution,152,1,153
otherwise,153,0,153
transfer,152,0,152
majority,151,1,152
total,152,0,152
choose,152,0,152
corporation,146,6,152
mark,150,2,152
homework,149,2,151
editorial,151,0,151
examine,147,3,150
hold,149,1,150
sector,150,0,150
concept,149,1,150
decade,149,1,150
precisely,150,0,150
serious,150,0,150
switch,148,2,150
graphic,149,0,149
ukraine,147,2,149
foreign,147,2,149
40,149,0,149
whose,149,0,149
select,148,0,148
blank,148,0,148
automation,148,0,148
significant,148,0,148
sit,148,0,148
rise,147,1,148
effort,145,2,147
ban,144,3,147
operation,147,0,147
parent,145,2,147
national,146,1,147
presentation,147,0,147
conclusion,147,0,147
50,147,0,147
natural,144,2,146
white,146,0,146
combine,146,0,146
phase,145,0,145
times,144,1,145
consciousness,145,0,145
automatically,145,0,145
instruction,145,0,145
podcast,140,5,145
average,144,0,144
expensive,144,0,144
estimate,144,0,144
medicine,143,1,144
revolution,141,3,144
classic,144,0,144
suddenly,143,1,144
recommend,143,1,144
suggest,143,1,144
loss,138,5,143
valley,142,1,143
easily,143,0,143
newspaper,141,1,142
round,141,1,142
main,138,4,142
transparency,142,0,142
towards,141,1,142
reveal,141,1,142
middle,140,2,142
pioneer,138,4,142
accordingly,142,0,142
distinguish,140,2,142
store,141,1,142
pressure,138,3,141
attention,141,0,141
hollywood,131,9,140
award,140,0,140
consumption,137,2,139
vehicle,138,1,139
prove,139,0,139
stable,137,2,139
creativity,135,4,139
translate,138,1,139
sell,139,0,139
prepare,136,2,138
avoid,136,2,138
mass,137,1,138
summit,124,14,138
leader,137,0,137
dialogue,137,0,137
introduce,130,6,136
reading,136,0,136
insurance,135,1,136
policy,135,1,136
nature,136,0,136
pass,135,1,136
outside,136,0,136
drone,132,4,136
cover,132,3,135
belong,134,1,135
dall,130,5,135
feeling,132,3,135
park,133,2,135
interface,134,1,135
studio,133,2,135
implement,135,0,135
note,134,1,135
nadella,133,2,135
translation,134,1,135
crucial,135,0,135
meantime,135,0,135
guest,133,1,134
election,131,3,134
corona,134,0,134
pandemic,134,0,134
programming,134,0,134
regard,134,0,134
anything,132,2,134
secret,132,2,134
master,133,1,134
modern,133,1,134
15,133,0,133
silicon,132,1,133
entry,132,1,133
display,131,2,133
evening,133,0,133
interested,132,0,132
entrepreneur,131,1,132
represent,131,0,131
indicate,131,0,131
doubt,131,0,131
sap,125,6,131
character,129,1,130
block,127,3,130
building,130,0,130
consumer,129,1,130
direct,130,0,130
protein,130,0,130
scenario,127,2,129
blog,129,0,129
ethical,128,1,129
citizen,129,0,129
hit,127,2,129
highly,129,0,129
die,129,0,129
initiative,127,2,129
trade,129,0,129
infrastructure,129,0,129
criticism,127,1,128
fundamental,128,0,128
occur,128,0,128
thinaing,128,0,128
invent,122,5,127
travel,122,5,127
friend,126,0,126
animal,124,2,126
hard,124,1,125
electricity,125,0,125
99,125,0,125
1,125,0,125
safe,124,1,125
christian,123,2,125
internal,125,0,125
heart,125,0,125
midjourney,123,2,125
certainly,125,0,125
bear,123,1,124
creation,124,0,124
fiction,121,3,124
fair,120,4,124
stream,124,0,124
wide,123,0,123
concrete,123,0,123
factor,122,1,123
threat,118,5,123
advise,119,4,123
resource,123,0,123
advance,122,1,123
fire,118,5,123
trump,123,0,123
infocom,123,0,123
criticize,123,0,123
bit,119,3,122
abuse,119,3,122
gain,121,1,122
institution,122,0,122
suggestion,122,0,122
instagram,117,5,122
exciting,122,0,122
sure,121,1,122
efficient,121,1,122
contrast,121,0,121
wissing,116,5,121
impressive,120,0,120
spd,118,2,120
assessment,120,0,120
commercial,118,2,120
seven,118,2,120
happy,120,0,120
youtube,117,3,120
2019,119,0,119
negotiation,119,0,119
extent,119,0,119
habeck,116,3,119
mostly,119,0,119
analyst,118,1,119
launch,119,0,119
overall,119,0,119
region,119,0,119
core,119,0,119
single,119,0,119
file,119,0,119
charge,118,1,119
vision,119,0,119
audience,119,0,119
trend,116,2,118
aithe,118,0,118
eight,118,0,118
useful,118,0,118
lie,117,1,118
property,118,0,118
60,118,0,118
push,117,1,118
major,118,0,118
cyber,116,2,118
lamda,117,1,118
card,117,1,118
10,117,1,118
pilot,115,3,118
participant,117,0,117
disinformation,116,1,117
expectation,116,1,117
dream,113,4,117
division,117,0,117
range,117,0,117
green,115,1,116
introduction,116,0,116
movement,116,0,116
register,116,0,116
web,115,1,116
monitor,116,0,116
committee,116,0,116
sport,111,5,116
reject,114,2,116
discrimination,113,3,116
computing,115,0,115
consultant,114,1,115
air,113,2,115
title,115,0,115
review,115,0,115
relate,115,0,115
competitive,114,1,115
35,115,0,115
filter,112,2,114
mechanical,114,0,114
screen,114,0,114
25,114,0,114
community,114,0,114
tv,114,0,114
reader,113,0,113
aspect,113,0,113
desire,112,1,113
weapon,113,0,113
setting,112,1,113
food,113,0,113
advice,113,0,113
judgment,112,1,113
calculation,113,0,113
spend,112,1,113
publisher,111,2,113
interaction,112,1,113
win,108,4,112
reflect,112,0,112
secure,112,0,112
click,112,0,112
income,111,1,112
summarize,110,2,112
command,110,2,112
agent,109,2,111
perhaps,111,0,111
zeit,111,0,111
marketing,110,1,111
media,111,0,111
assess,111,0,111
heil,102,8,110
either,110,0,110
consist,110,0,110
fit,110,0,110
net,110,0,110
catch,109,1,110
glass,109,1,110
TRUE,110,0,110
imitate,110,0,110
inquiry,110,0,110
democracy,109,1,110
disease,110,0,110
essay,110,0,110
worth,110,0,110
flow,110,0,110
february,109,0,109
7,105,4,109
fully,108,1,109
stay,107,2,109
size,109,0,109
object,109,0,109
rnd,109,0,109
rapid,109,0,109
confirm,108,0,108
address,108,0,108
prompt,107,1,108
judge,105,2,107
beyond,107,0,107
android,106,1,107
copy,105,2,107
chain,106,1,107
piece,107,0,107
america,105,2,107
corporate,107,0,107
ready,104,3,107
warning,104,3,107
officer,104,3,107
wall,107,0,107
suspect,106,1,107
weather,104,2,106
competence,106,0,106
generally,106,0,106
afraid,104,2,106
dispute,104,2,106
educational,106,0,106
earn,105,1,106
unfortunately,105,1,106
pixel,101,5,106
freedom,105,1,106
contact,106,0,106
normal,105,0,105
associate,105,0,105
dark,103,2,105
district,98,7,105
scale,104,1,105
local,105,0,105
box,105,0,105
july,105,0,105
productivity,103,1,104
hide,104,0,104
thought,102,2,104
mission,104,0,104
alternative,103,1,104
negative,103,1,104
laboratory,102,2,104
exhibition,104,0,104
television,104,0,104
unclear,103,0,103
observe,103,0,103
variety,103,0,103
poem,102,1,103
visit,100,3,103
importance,103,0,103
cultural,103,0,103
equip,101,2,103
variant,103,0,103
heilbronn,99,4,103
regulatory,103,0,103
breakthrough,98,4,102
quote,102,0,102
recommendation,101,1,102
journalism,102,0,102
october,102,0,102
signal,102,0,102
color,102,0,102
shortage,96,6,102
supply,101,1,102
realistic,102,0,102
night,100,2,102
direction,102,0,102
meeting,101,1,102
basically,101,0,101
robert,98,3,101
forward,100,1,101
french,101,0,101
near,101,0,101
summer,100,1,101
reference,101,0,101
remove,99,2,101
fdp,100,1,101
balance,100,1,101
communicate,101,0,101
5,100,1,101
separate,101,0,101
understanding,101,0,101
mood,101,0,101
newsletter,100,1,101
brand,100,0,100
surveillance,98,2,100
woraing,100,0,100
pichai,99,1,100
vice,100,0,100
2020,100,0,100
radio,97,3,100
netflix,96,3,99
strength,99,0,99
nuclear,98,1,99
cheap,99,0,99
spokesman,99,0,99
career,99,0,99
april,99,0,99
wish,98,1,99
optimize,99,0,99
red,99,0,99
prejudice,99,0,99
brockman,99,0,99
mainly,98,0,98
contribute,98,0,98
specifically,98,0,98
emerge,98,0,98
feedback,98,0,98
express,98,0,98
guideline,96,2,98
russian,98,0,98
track,97,1,98
compete,96,2,98
technique,97,0,97
awareness,97,0,97
spiegel,95,2,97
diffusion,95,2,97
strict,95,2,97
connect,96,1,97
von,97,0,97
table,96,1,97
population,97,0,97
california,97,0,97
festival,95,2,97
orient,96,0,96
etf,94,2,96
death,96,0,96
safety,96,0,96
accept,96,0,96
cut,93,3,96
listen,96,0,96
contract,95,1,96
creator,94,2,96
respective,96,0,96
perfect,96,0,96
greens,96,0,96
admit,95,0,95
driving,95,0,95
journal,95,0,95
aid,95,0,95
else,94,1,95
italy,91,4,95
instrument,94,1,95
across,95,0,95
discover,94,1,95
universal,93,2,95
destroy,93,1,94
plagiarism,93,1,94
reaction,94,0,94
component,94,0,94
prime,94,0,94
processor,92,1,93
hardware,93,0,93
parameter,93,0,93
please,93,0,93
emotional,93,0,93
streaming,91,2,93
16,93,0,93
season,92,1,93
wait,92,1,93
participation,93,0,93
boom,87,6,93
argument,93,0,93
station,93,0,93
staff,93,0,93
announcement,93,0,93
accident,92,0,92
strange,92,0,92
subsidiary,91,1,92
chairman,92,0,92
wave,92,0,92
sailled,86,6,92
slow,91,1,92
alexa,87,5,92
truth,90,2,92
twelve,92,0,92
june,92,0,92
anthropic,86,6,92
establish,92,0,92
fraud,91,1,92
manipulate,91,1,92
writing,92,0,92
probability,92,0,92
lawsuit,88,4,92
commit,91,0,91
facial,90,1,91
active,91,0,91
independently,91,0,91
christmas,87,4,91
obviously,91,0,91
category,91,0,91
complain,88,3,91
1000,90,1,91
sufficient,90,1,91
maker,88,2,90
transport,89,1,90
physical,90,0,90
appearance,90,0,90
speaker,90,0,90
prize,87,3,90
13,90,0,90
personnel,88,2,90
defense,89,1,90
update,89,1,90
therapy,90,0,90
france,86,4,90
lesson,90,0,90
draft,88,1,89
final,89,0,89
surprising,89,0,89
michael,86,3,89
famous,89,0,89
double,87,2,89
classify,88,1,89
biden,85,3,88
neural,88,0,88
copilot,84,4,88
september,88,0,88
accelerate,87,1,88
largely,88,0,88
improvement,88,0,88
ethic,88,0,88
expansion,87,0,87
clever,86,1,87
correctly,86,1,87
jump,86,1,87
audio,87,0,87
license,87,0,87
exceed,86,1,87
heidelberg,86,1,87
mobile,87,0,87
annual,87,0,87
specialize,87,0,87
valuable,87,0,87
violation,87,0,87
aware,87,0,87
payment,87,0,87
quantum,86,0,86
nine,86,0,86
profile,86,0,86
russia,84,2,86
broad,86,0,86
construction,86,0,86
sized,85,1,86
obvious,86,0,86
demonstrate,86,0,86
sensitive,85,1,86
tax,83,3,86
output,86,0,86
sensor,86,0,86
sleep,86,0,86
vote,85,1,86
earth,85,1,86
chancellor,85,0,85
expression,85,0,85
unlike,85,0,85
engineer,83,2,85
justice,85,0,85
episode,85,0,85
practical,85,0,85
vw,80,5,85
zuckerberg,84,1,85
publicly,85,0,85
ethics,82,3,85
neither,85,0,85
essential,84,0,84
crime,81,3,84
clarify,84,0,84
massive,84,0,84
struggle,84,0,84
obligation,84,0,84
fee,84,0,84
david,82,2,84
advanced,84,0,84
possibly,84,0,84
weak,84,0,84
anyway,83,0,83
cite,82,1,83
portal,83,0,83
shop,82,1,83
tu,81,2,83
participate,83,0,83
andrulis,83,0,83
gap,83,0,83
weekend,83,0,83
saving,83,0,83
18,81,2,83
detection,82,1,83
wage,83,0,83
neuronal,83,0,83
iphone,81,2,83
transparent,82,1,83
cat,82,0,82
washington,81,1,82
limited,82,0,82
differently,82,0,82
leadership,80,2,82
feature,82,0,82
accuse,82,0,82
index,81,1,82
dominate,82,0,82
instal,81,1,82
consume,81,1,82
teaching,82,0,82
llama,78,4,82
comparable,82,0,82
everywhere,82,0,82
prohibit,80,1,81
reproduce,80,1,81
site,81,0,81
helpful,81,0,81
succeed,81,0,81
december,81,0,81
throw,80,1,81
conceivable,81,0,81
comprehensive,81,0,81
effective,81,0,81
relatively,80,0,80
actual,80,0,80
appropriate,80,0,80
regularly,80,0,80
disadvantage,79,1,80
define,80,0,80
sensation,80,0,80
strengthen,80,0,80
weight,80,0,80
incorrect,80,0,80
satya,79,1,80
selection,80,0,80
transformation,80,0,80
submit,80,0,80
pursue,80,0,80
owner,80,0,80
drop,79,1,80
advertise,78,1,79
sample,79,0,79
engineering,79,0,79
period,79,0,79
ais,78,1,79
factory,79,0,79
manipulation,77,2,79
weakness,78,1,79
memory,78,1,79
daily,79,0,79
joke,78,1,79
girl,78,1,79
bavarian,76,2,78
century,78,0,78
suffer,76,2,78
recognizable,78,0,78
implementation,78,0,78
understandable,78,0,78
keyword,78,0,78
upload,78,0,78
reply,78,0,78
6,77,1,78
format,78,0,78
xai,73,5,78
robotic,75,3,78
military,78,0,78
indication,78,0,78
quick,75,2,77
conflict,77,0,77
operator,77,0,77
supervisory,76,1,77
handle,76,1,77
rapidly,77,0,77
surprise,77,0,77
controversial,77,0,77
linguistic,77,0,77
degree,77,0,77
200,75,2,77
partnership,77,0,77
fun,77,0,77
impression,77,0,77
spotify,77,0,77
absolutely,77,0,77
freely,76,0,76
evidence,76,0,76
pure,75,1,76
official,76,0,76
edge,75,1,76
avatar,76,0,76
extensive,76,0,76
justify,75,1,76
careful,74,2,76
electric,76,0,76
bavaria,68,8,76
reliable,76,0,76
rest,76,0,76
welcome,76,0,76
trillion,75,1,76
mind,76,0,76
closely,76,0,76
inform,75,0,75
insight,75,0,75
500,74,1,75
bill,73,2,75
attract,74,1,75
prefer,74,1,75
compute,75,0,75
lecture,75,0,75
sustainable,75,0,75
capacity,75,0,75
electronic,72,3,75
constantly,75,0,75
14,75,0,75
statistical,75,0,75
road,75,0,75
distribution,75,0,75
visual,75,0,75
january,75,0,75
innovative,74,1,75
browser,74,0,74
technically,74,0,74
south,74,0,74
critic,74,0,74
border,74,0,74
fine,73,1,74
surprisingly,73,1,74
nonsense,72,2,74
baden,73,1,74
theory,74,0,74
autumn,73,1,74
argue,74,0,74
regardless,74,0,74
employer,74,0,74
summary,74,0,74
inspire,73,1,74
glance,74,0,74
afterwards,74,0,74
morning,74,0,74
pull,73,0,73
john,72,1,73
simulate,72,1,73
efficiency,73,0,73
emotion,73,0,73
delete,73,0,73
pop,70,3,73
god,73,0,73
de,73,0,73
writer,72,1,73
repeatedly,73,0,73
visible,73,0,73
museum,70,2,72
trip,72,0,72
2015,72,0,72
seriously,72,0,72
beginning,72,0,72
attractive,72,0,72
watch,71,1,72
pre,71,1,72
architecture,72,0,72
super,72,0,72
criterion,70,2,72
friendly,72,0,72
convey,72,0,72
dependent,72,0,72
victim,72,0,72
flight,72,0,72
britain,68,4,72
screenwriter,71,1,72
disappear,71,1,72
complicated,72,0,72
respondent,71,0,71
sain,70,1,71
80,71,0,71
mix,70,1,71
intellectual,71,0,71
download,70,1,71
tweet,71,0,71
invite,71,0,71
beautiful,71,0,71
guarantee,71,0,71
artificially,71,0,71
flood,71,0,71
emergency,71,0,71
mechanism,70,0,70
aiwanger,69,1,70
pro,69,1,70
israel,68,2,70
personality,69,1,70
prominent,70,0,70
programmer,70,0,70
actress,70,0,70
remember,70,0,70
cinema,68,2,70
respect,70,0,70
anti,67,3,70
prevail,69,0,69
civil,69,0,69
path,68,1,69
compose,69,0,69
football,69,0,69
producer,69,0,69
west,68,1,69
edition,69,0,69
historical,66,3,69
proposal,67,2,69
exclude,66,2,68
2024,68,0,68
peace,68,0,68
donald,68,0,68
guide,68,0,68
aill,67,1,68
shortly,67,1,68
mental,68,0,68
pace,68,0,68
pool,66,2,68
sustainability,67,1,68
concerned,68,0,68
decisive,68,0,68
counter,66,2,68
restriction,68,0,68
potentially,68,0,68
description,67,0,67
forum,66,1,67
moderator,67,0,67
integration,67,0,67
legally,66,1,67
decrease,67,0,67
sensible,66,1,67
server,67,0,67
employment,66,1,67
existence,66,1,67
ford,65,2,67
script,65,1,66
laugh,66,0,66
father,66,0,66
billionaire,66,0,66
proportion,66,0,66
prediction,66,0,66
scan,66,0,66
perceive,66,0,66
entertainment,66,0,66
sciences,66,0,66
bottom,66,0,66
mode,64,2,66
italian,66,0,66
floor,64,2,66
obtain,66,0,66
definitely,66,0,66
differ,66,0,66
gradually,66,0,66
thomas,66,0,66
sunday,66,0,66
2018,66,0,66
cheat,64,2,66
nice,65,1,66
diagnosis,66,0,66
plant,65,0,65
propaganda,65,0,65
schwarz,65,0,65
specify,65,0,65
attitude,65,0,65
necessarily,65,0,65
volker,64,1,65
interact,65,0,65
applied,65,0,65
rich,65,0,65
element,65,0,65
restrict,65,0,65
novel,63,2,65
traditional,65,0,65
17,65,0,65
organize,64,1,65
incorporate,63,2,65
fundamentally,63,2,65
cool,64,1,65
praise,65,0,65
grade,63,2,65
spring,65,0,65
favorite,63,1,64
privacy,63,1,64
tree,63,1,64
spit,64,0,64
drake,63,1,64
visitor,64,0,64
withdraw,64,0,64
transformer,64,0,64
pupil,64,0,64
putin,63,1,64
hall,64,0,64
san,64,0,64
corresponding,64,0,64
urgently,64,0,64
locate,64,0,64
subscription,64,0,64
scholz,60,3,63
24,60,3,63
ball,63,0,63
clinic,63,0,63
phenomenon,63,0,63
intensive,63,0,63
bundestag,62,1,63
70,63,0,63
planet,63,0,63
expose,61,2,63
fourth,63,0,63
hinton,61,2,63
propose,63,0,63
confidence,62,1,63
mathematical,63,0,63
collection,63,0,63
blue,63,0,63
arrive,63,0,63
complaint,62,1,63
strongly,63,0,63
combination,62,0,62
300,61,1,62
chess,61,1,62
dynamic,62,0,62
cologne,62,0,62
impossible,62,0,62
alph,59,3,62
thesis,62,0,62
semiconductor,62,0,62
waste,62,0,62
superfluous,61,1,62
samsung,59,3,62
dear,61,1,62
coach,62,0,62
optimistic,62,0,62
ex,61,1,62
influencer,60,2,62
directors,62,0,62
paint,61,1,62
darmstadt,62,0,62
headline,61,1,62
sex,60,2,62
cdu,61,1,62
celebrate,62,0,62
band,61,1,62
bloomberg,62,0,62
perform,62,0,62
club,61,1,62
supposedly,60,1,61
shoot,60,1,61
dialect,60,1,61
joint,61,0,61
markus,61,0,61
beat,58,3,61
max,61,0,61
plus,59,2,61
package,61,0,61
negotiate,60,1,61
academic,61,0,61
emission,61,0,61
opposite,61,0,61
wonder,61,0,61
count,61,0,61
wear,60,1,61
sort,58,3,61
gigantic,61,0,61
revolutionize,59,2,61
apartment,61,0,61
winner,60,1,61
purchase,61,0,61
defend,58,3,61
musician,60,1,61
circulate,60,1,61
realize,60,0,60
recipe,60,0,60
deepmind,59,1,60
channel,60,0,60
fuel,59,1,60
moratorium,60,0,60
london,59,1,60
stuttgart,57,3,60
reliably,60,0,60
interior,60,0,60
distribute,59,1,60
circle,60,0,60
hacker,58,2,60
painting,60,0,60
extend,60,0,60
wrttemberg,59,1,60
distance,60,0,60
planning,58,2,60
consideration,60,0,60
wiaipedia,59,1,60
coalition,57,3,60
button,58,1,59
sutskever,59,0,59
26,59,0,59
sum,59,0,59
gas,59,0,59
environmental,59,0,59
convert,58,1,59
hate,59,0,59
carefully,59,0,59
familiar,59,0,59
cognitive,59,0,59
rarely,59,0,59
detailed,59,0,59
initiate,58,1,59
explanation,59,0,59
delivery,59,0,59
unit,59,0,59
automatic,59,0,59
supercomputer,58,1,59
collective,59,0,59
window,58,0,58
forest,58,0,58
failure,58,0,58
questionable,58,0,58
forget,58,0,58
accompany,58,0,58
origin,58,0,58
fly,58,0,58
unique,58,0,58
campus,56,2,58
boy,57,1,58
sequence,58,0,58
rank,58,0,58
stupid,56,2,58
impact,58,0,58
problematic,58,0,58
literature,54,4,58
doll,56,1,57
logic,57,0,57
gender,57,0,57
critically,57,0,57
precise,57,0,57
massively,57,0,57
budget,56,1,57
join,56,1,57
28,56,1,57
pretty,55,2,57
couple,55,2,57
branch,56,1,57
cope,57,0,57
wing,57,0,57
unknown,57,0,57
10000,57,0,57
paul,56,1,57
reduction,57,0,57
nobel,56,1,57
23,56,0,56
mid,56,0,56
eliminate,56,0,56
designer,56,0,56
unusual,54,2,56
operating,55,1,56
economics,55,1,56
latter,56,0,56
interpret,56,0,56
fill,56,0,56
trustworthy,56,0,56
commitment,55,1,56
gdpr,55,1,56
ahead,56,0,56
confident,56,0,56
sunak,55,1,56
12,56,0,56
era,54,2,56
economist,56,0,56
lemoine,56,0,56
bind,56,0,56
hire,53,3,56
specialized,55,1,56
maintain,56,0,56
investigation,55,1,56
transmit,56,0,56
deeply,55,0,55
germans,52,3,55
opponent,54,1,55
repeat,55,0,55
countless,55,0,55
formula,55,0,55
permanent,54,1,55
route,55,0,55
extreme,55,0,55
difficulty,55,0,55
joe,54,1,55
enthusiastic,55,0,55
skeptical,52,3,55
funny,55,0,55
nbsp,55,0,55
digit,55,0,55
practically,55,0,55
bayern,49,5,54
foreseeable,54,0,54
james,52,2,54
supplier,53,1,54
routine,54,0,54
priority,54,0,54
mr,53,1,54
11,52,2,54
sovereignty,54,0,54
potsdam,53,1,54
tone,54,0,54
query,54,0,54
heat,54,0,54
frequently,54,0,54
greg,54,0,54
north,54,0,54
peter,54,0,54
democratic,54,0,54
namely,54,0,54
land,51,3,54
concentrate,54,0,54
90,54,0,54
enjoy,54,0,54
cross,54,0,54
door,54,0,54
gates,52,2,54
violate,54,0,54
western,53,0,53
bitkom,53,0,53
alarm,53,0,53
singer,50,3,53
similarly,53,0,53
congress,51,2,53
financing,52,1,53
assistance,52,1,53
replica,53,0,53
touch,52,1,53
airport,51,2,53
photographer,53,0,53
reserve,53,0,53
upcoming,53,0,53
spirit,52,1,53
ice,52,1,53
successfully,53,0,53
encourage,53,0,53
onto,53,0,53
risky,52,1,53
apart,53,0,53
ailometer,52,0,52
jakob,51,1,52
brake,51,1,52
aiin,52,0,52
japan,50,2,52
ingredient,52,0,52
correction,52,0,52
sundar,52,0,52
transition,52,0,52
deutsche,51,1,52
universe,52,0,52
academy,51,1,52
maximum,52,0,52
predecessor,51,1,52
ignore,52,0,52
empathy,51,1,52
transform,52,0,52
americans,52,0,52
eat,51,1,52
candidate,52,0,52
usual,52,0,52
ecosystem,52,0,52
blood,52,0,52
lay,52,0,52
biological,52,0,52
raw,51,0,51
complexity,51,0,51
windows,48,3,51
schumacher,49,2,51
tear,51,0,51
arm,50,1,51
aws,51,0,51
roll,50,1,51
edit,50,1,51
portrait,51,0,51
22,51,0,51
finger,50,1,51
exercise,51,0,51
daniel,51,0,51
philosopher,51,0,51
conventional,51,0,51
signatory,51,0,51
youth,50,1,51
choice,50,1,51
capture,51,0,51
logical,51,0,51
grant,51,0,51
ukrainian,51,0,51
contrary,51,0,51
constant,51,0,51
adobe,46,4,50
treatment,50,0,50
relieve,49,1,50
storage,50,0,50
8,49,1,50
afford,50,0,50
zero,50,0,50
noticeable,50,0,50
bletchley,49,1,50
daughter,49,1,50
19,50,0,50
asset,49,1,50
pm,50,0,50
der,49,1,50
violence,49,1,50
2017,50,0,50
heating,49,1,50
francisco,50,0,50
east,49,1,50
simulation,50,0,50
broadcaster,50,0,50
originally,50,0,50
ton,50,0,50
inventor,45,5,50
multi,50,0,50
digitally,48,2,50
chair,50,0,50
clean,49,1,50
partially,50,0,50
usable,50,0,50
psychologist,49,1,50
dead,48,2,50
declaration,49,1,50
workshop,50,0,50
somewhat,50,0,50
luminous,49,1,50
moral,49,1,50
inflation,49,0,49
bias,49,0,49
consent,48,1,49
disaster,49,0,49
hurdle,49,0,49
approval,49,0,49
miracle,45,4,49
healthy,49,0,49
intel,49,0,49
print,49,0,49
assign,49,0,49
shift,49,0,49
quantity,49,0,49
appeal,48,1,49
horizon,48,1,49
volkswagen,47,2,49
consult,49,0,49
republic,49,0,49
misuse,49,0,49
takeover,49,0,49
architect,48,1,49
skepticism,49,0,49
intervene,49,0,49
matthias,49,0,49
supervision,48,0,48
decline,48,0,48
overcome,48,0,48
finish,48,0,48
poor,48,0,48
uncertainty,48,0,48
successor,46,2,48
sea,46,2,48
employ,48,0,48
proof,48,0,48
alex,48,0,48
reasonable,44,4,48
genetic,47,1,48
explicitly,48,0,48
adjust,48,0,48
2016,48,0,48
naturally,48,0,48
restaurant,48,0,48
intention,48,0,48
sing,44,4,48
illustrate,48,0,48
californian,48,0,48
living,48,0,48
mathematic,47,1,48
parallel,47,1,48
artistic,48,0,48
grok,46,2,48
vacation,48,0,48
gold,48,0,48
noise,48,0,48
finding,47,1,48
champion,48,0,48
pretend,46,1,47
combat,46,1,47
partly,47,0,47
mail,47,0,47
neutral,46,1,47
hair,46,1,47
liability,47,0,47
depth,47,0,47
puzzle,47,0,47
church,43,4,47
senior,47,0,47
medication,46,1,47
advertisement,47,0,47
fi,46,1,47
27,47,0,47
radar,47,0,47
portfolio,47,0,47
alliance,46,1,47
helper,47,0,47
spokeswoman,47,0,47
motif,47,0,47
japanese,46,1,47
horror,46,1,47
verse,47,0,47
fifth,47,0,47
tend,46,1,47
divide,47,0,47
olaf,45,2,47
protocol,46,1,47
definition,47,0,47
dr,47,0,47
soul,46,1,47
typical,47,0,47
celebrity,46,1,47
tailor,47,0,47
photography,46,0,46
parliamentary,46,0,46
crazy,46,0,46
firm,46,0,46
fix,46,0,46
domestic,46,0,46
column,34,12,46
actively,46,0,46
oblige,45,1,46
compensation,45,1,46
advocate,46,0,46
br,46,0,46
attribute,45,1,46
overview,46,0,46
han,46,0,46
remarkable,46,0,46
belief,45,1,46
album,46,0,46
manner,46,0,46
identity,46,0,46
brandenburg,46,0,46
lip,46,0,46
workplace,45,1,46
penetrate,46,0,46
shorten,45,1,46
strive,46,0,46
battery,46,0,46
delay,45,0,45
springer,42,3,45
capable,45,0,45
expertise,45,0,45
meanwhile,45,0,45
declare,45,0,45
strategic,45,0,45
wind,45,0,45
threshold,45,0,45
considerable,45,0,45
layer,45,0,45
temporarily,45,0,45
etfs,45,0,45
initial,45,0,45
india,45,0,45
invention,45,0,45
slowly,45,0,45
deliberately,45,0,45
treat,45,0,45
pension,45,0,45
counterfeit,45,0,45
healthcare,45,0,45
humor,44,1,45
internationally,45,0,45
bild,41,4,45
applicant,45,0,45
huang,45,0,45
son,45,0,45
journalistic,45,0,45
discipline,45,0,45
stress,44,1,45
adopt,45,0,45
fed,45,0,45
passenger,45,0,45
respond,45,0,45
tumor,44,1,45
hesse,45,0,45
mller,45,0,45
tom,38,7,45
synthetic,45,0,45
azure,43,2,45
renowned,45,0,45
orientation,45,0,45
enthusiasm,44,0,44
deepfake,42,2,44
characteristic,44,0,44
registration,44,0,44
nasa,44,0,44
math,42,2,44
evil,44,0,44
differentiate,44,0,44
dieter,44,0,44
bond,44,0,44
twice,44,0,44
explore,44,0,44
minimum,44,0,44
promptly,44,0,44
bomb,42,2,44
literally,44,0,44
g,43,1,44
salary,43,1,44
amazing,44,0,44
reuters,44,0,44
replacement,42,2,44
harmful,44,0,44
whatsapp,43,1,44
enforce,44,0,44
satellite,42,2,44
protest,44,0,44
secretary,44,0,44
deception,42,1,43
sheet,43,0,43
surface,43,0,43
volume,43,0,43
insert,43,0,43
openly,43,0,43
clip,43,0,43
mountain,43,0,43
prototype,42,1,43
hang,42,1,43
response,43,0,43
moon,42,1,43
fictional,43,0,43
un,43,0,43
approximately,43,0,43
bob,42,1,43
factual,42,1,43
slightly,43,0,43
judiciary,40,3,43
workforce,43,0,43
autonomously,42,1,43
derive,43,0,43
credit,43,0,43
29,43,0,43
incredibly,42,1,43
palm,42,1,43
talent,43,0,43
tour,43,0,43
smile,43,0,43
auto,34,8,42
compensate,42,0,42
andreas,42,0,42
cook,41,1,42
sharp,42,0,42
bosch,40,2,42
fashion,42,0,42
dozen,41,1,42
economically,42,0,42
dog,41,1,42
literary,41,1,42
magic,42,0,42
female,42,0,42
funding,42,0,42
deppgpt,41,1,42
physics,42,0,42
passage,42,0,42
fraunhofer,41,1,42
allege,41,1,42
explosion,40,2,42
revolutionary,42,0,42
perception,42,0,42
paragraph,41,1,42
excellent,42,0,42
diversity,42,0,42
lab,41,1,42
humanoid,42,0,42
winter,42,0,42
dimension,42,0,42
accuracy,42,0,42
birthday,40,2,42
endanger,41,1,42
preserve,41,1,42
stick,42,0,42
regular,42,0,42
politically,42,0,42
absurd,42,0,42
saturday,42,0,42
mayor,41,1,42
adult,41,1,42
pc,42,0,42
9,41,0,41
harris,38,3,41
advisor,40,1,41
relative,41,0,41
interpretation,41,0,41
reminiscent,41,0,41
efficiently,41,0,41
lobo,40,1,41
patrick,41,0,41
toy,41,0,41
hospital,41,0,41
sufficiently,41,0,41
deny,41,0,41
stanford,40,1,41
75,41,0,41
ideal,41,0,41
mobility,41,0,41
abstract,41,0,41
eleven,41,0,41
measurement,40,1,41
continuously,41,0,41
might,41,0,41
fascinating,41,0,41
mini,40,1,41
personally,41,0,41
dfai,41,0,41
representation,41,0,41
worldcoin,37,4,41
pharmaceutical,39,2,41
illegal,39,2,41
jonas,41,0,41
ear,40,1,41
household,40,1,41
concert,40,1,41
appointment,40,1,41
thread,41,0,41
classification,41,0,41
intensively,41,0,41
schmidt,41,0,41
biology,40,1,41
specie,39,1,40
arrest,39,1,40
tbingen,40,0,40
section,40,0,40
mandatory,40,0,40
camp,40,0,40
karlsruhe,39,1,40
simplify,39,1,40
intervention,40,0,40
activist,40,0,40
specially,40,0,40
argo,39,1,40
empty,38,2,40
superior,40,0,40
drama,39,1,40
beatle,39,1,40
harry,40,0,40
williams,37,3,40
except,39,1,40
fantasy,39,1,40
startup,39,1,40
ray,40,0,40
outlook,39,1,40
administrative,40,0,40
shareholder,40,0,40
formerly,40,0,40
headquarters,40,0,40
donor,40,0,40
officially,40,0,40
spanish,40,0,40
plug,39,1,40
meaning,40,0,40
motto,40,0,40
depict,40,0,40
harmony,39,0,39
nationwide,39,0,39
rescue,39,0,39
equal,39,0,39
fatal,39,0,39
relief,39,0,39
trick,39,0,39
watermark,36,3,39
provision,39,0,39
incidentally,39,0,39
venture,39,0,39
siri,37,2,39
primary,39,0,39
turnover,38,1,39
tomorrow,39,0,39
library,39,0,39
lennon,39,0,39
landscape,39,0,39
prerequisite,39,0,39
survive,39,0,39
purely,39,0,39
milestone,39,0,39
abroad,39,0,39
circumstance,39,0,39
spot,39,0,39
formation,39,0,39
supplement,39,0,39
guild,39,0,39
deceptively,39,0,39
meter,39,0,39
maaing,39,0,39
conduct,39,0,39
comparatively,39,0,39
doctorate,39,0,39
revoke,39,0,39
professionally,39,0,39
august,39,0,39
civilization,39,0,39
shopping,39,0,39
superintelligence,34,5,39
ilya,38,0,38
und,38,0,38
managing,38,0,38
blow,36,2,38
politik,38,0,38
premium,36,2,38
square,38,0,38
resolution,38,0,38
load,38,0,38
trading,38,0,38
walk,38,0,38
scope,38,0,38
dramatic,38,0,38
loneliness,37,1,38
remind,38,0,38
brussels,37,1,38
behave,38,0,38
contradict,38,0,38
legislative,38,0,38
somewhere,38,0,38
establishment,38,0,38
uniform,38,0,38
3d,38,0,38
guess,38,0,38
meaningful,38,0,38
reporter,38,0,38
strictly,38,0,38
vr,36,2,38
ship,38,0,38
mixed,38,0,38
sophisticated,38,0,38
alexander,38,0,38
hot,38,0,38
llm,38,0,38
leap,38,0,38
gray,38,0,38
tiktok,36,2,38
seat,37,0,37
calculator,37,0,37
ture,37,0,37
steve,37,0,37
elsewhere,37,0,37
illustration,37,0,37
regional,37,0,37
remuneration,37,0,37
scary,35,2,37
pope,37,0,37
hub,37,0,37
tagesspiegel,37,0,37
abitur,34,3,37
herbrich,37,0,37
rating,37,0,37
immediate,37,0,37
racist,37,0,37
relation,37,0,37
quarterly,36,1,37
reinforce,37,0,37
estate,35,2,37
offensive,34,3,37
oil,37,0,37
frank,37,0,37
electrical,35,2,37
proceed,37,0,37
status,37,0,37
hallucination,37,0,37
convincing,37,0,37
incentive,37,0,37
wi,36,1,37
oliver,36,1,37
qualification,37,0,37
enriche,37,0,37
preliminary,37,0,37
league,37,0,37
behalf,37,0,37
plausible,36,0,36
steal,33,3,36
wlan,35,1,36
diagnostic,36,0,36
premiere,35,1,36
weeknd,35,1,36
existential,36,0,36
swimming,36,0,36
installation,35,1,36
spectacular,36,0,36
suit,36,0,36
along,36,0,36
blind,36,0,36
canadian,36,0,36
socially,36,0,36
discriminatory,36,0,36
diverse,36,0,36
amazed,36,0,36
cabinet,36,0,36
confront,36,0,36
laptop,36,0,36
faz,36,0,36
breast,36,0,36
agriculture,35,1,36
ard,34,2,36
sievers,36,0,36
approve,36,0,36
zdf,36,0,36
upheaval,36,0,36
scientifically,36,0,36
statistic,36,0,36
co2,36,0,36
achievement,36,0,36
boring,36,0,36
arithmetic,36,0,36
chaos,35,1,36
encounter,36,0,36
productive,36,0,36
construct,36,0,36
senator,35,1,36
properly,34,1,35
suspicious,35,0,35
metas,35,0,35
competitiveness,34,1,35
solid,35,0,35
label,33,2,35
spark,35,0,35
preference,35,0,35
politics,28,7,35
male,34,1,35
underestimate,35,0,35
hotel,34,1,35
theft,34,1,35
deceive,35,0,35
beforehand,35,0,35
assumption,35,0,35
dish,35,0,35
row,34,1,35
advisory,35,0,35
judicial,35,0,35
gallery,35,0,35
prospect,35,0,35
manaind,34,1,35
undoubtedly,35,0,35
psychology,35,0,35
unexpected,35,0,35
doctoral,35,0,35
pain,35,0,35
session,35,0,35
sag,35,0,35
refuse,35,0,35
oh,34,1,35
paris,34,1,35
revenue,34,0,34
footer,34,0,34
nation,34,0,34
cycle,34,0,34
personalize,34,0,34
highlight,34,0,34
comic,33,1,34
inner,33,1,34
wild,33,1,34
unlikely,34,0,34
conservative,34,0,34
otto,32,2,34
van,34,0,34
robust,34,0,34
caution,33,1,34
tim,34,0,34
deputy,34,0,34
sensibly,34,0,34
profound,34,0,34
identification,34,0,34
favor,34,0,34
adam,34,0,34
cold,34,0,34
disney,34,0,34
shock,34,0,34
supporter,34,0,34
optimization,34,0,34
baby,34,0,34
narrow,34,0,34
exclusively,34,0,34
unable,34,0,34
resistance,34,0,34
expense,33,1,34
roughly,34,0,34
systems,34,0,34
imagination,34,0,34
tum,34,0,34
sky,34,0,34
appreciate,34,0,34
rare,34,0,34
learner,34,0,34
martin,34,0,34
striker,34,0,34
sebastian,33,1,34
gross,33,1,34
map,34,0,34
effectively,34,0,34
ground,34,0,34
blume,32,1,33
hallucinate,32,1,33
storm,33,0,33
extension,33,0,33
ailler,31,2,33
motivation,33,0,33
metal,33,0,33
temporary,26,7,33
hubertus,29,4,33
stir,33,0,33
graduate,32,1,33
voter,33,0,33
internally,33,0,33
thriller,33,0,33
template,33,0,33
globally,33,0,33
briefly,33,0,33
pick,33,0,33
coin,32,1,33
exact,33,0,33
somehow,33,0,33
left,33,0,33
dimensional,33,0,33
lutz,33,0,33
models,33,0,33
goethe,33,0,33
lee,32,1,33
tablet,33,0,33
100000,33,0,33
ibm,33,0,33
swiss,33,0,33
wife,33,0,33
2014,33,0,33
beijing,33,0,33
taiwan,33,0,33
abbreviation,33,0,33
steam,32,1,33
loud,33,0,33
galaxy,30,3,33
pdf,32,1,33
impulse,33,0,33
365,33,0,33
lena,31,2,33
42,32,1,33
crash,33,0,33
trailer,33,0,33
corner,33,0,33
pact,33,0,33
permit,33,0,33
discovery,33,0,33
lock,33,0,33
availability,33,0,33
excitement,32,1,33
lidl,32,1,33
occasionally,33,0,33
taxis,33,0,33
simon,32,1,33
calm,33,0,33
watson,33,0,33
minimize,31,1,32
exception,32,0,32
neuron,32,0,32
adhere,32,0,32
canada,31,1,32
sub,32,0,32
distant,32,0,32
lower,32,0,32
karl,32,0,32
kaiserslautern,29,3,32
zeitung,32,0,32
rhine,32,0,32
murder,32,0,32
digitize,32,0,32
asia,32,0,32
q,32,0,32
seal,31,1,32
observation,32,0,32
newly,32,0,32
upper,32,0,32
listener,32,0,32
score,31,1,32
saxony,32,0,32
clone,32,0,32
violent,32,0,32
match,32,0,32
disturb,30,2,32
weaken,32,0,32
kevin,32,0,32
exaggerated,32,0,32
upgrade,32,0,32
host,32,0,32
geoffrey,31,1,32
reform,30,2,32
legislator,32,0,32
urban,32,0,32
authentic,32,0,32
israeli,32,0,32
moscow,31,1,32
dismissal,32,0,32
objective,32,0,32
urgent,31,1,32
burn,32,0,32
algorithmic,32,0,32
las,31,1,32
disorder,32,0,32
preparation,32,0,32
acquire,32,0,32
literacy,32,0,32
ghostwriter,32,0,32
berg,32,0,32
width,32,0,32
shot,32,0,32
contemporary,32,0,32
excessive,32,0,32
allegation,32,0,32
2000,32,0,32
symptom,32,0,32
mathematician,32,0,32
hack,32,0,32
blockchain,30,2,32
waiting,32,0,32
disclose,32,0,32
bus,31,0,31
moderation,31,0,31
amd,31,0,31
facility,31,0,31
mislead,31,0,31
panel,31,0,31
prosperity,30,1,31
manual,31,0,31
yesterday,31,0,31
incredible,31,0,31
shake,30,1,31
slip,31,0,31
axel,28,3,31
silent,30,1,31
agenda,31,0,31
heavy,31,0,31
selfie,30,1,31
aing,31,0,31
competent,31,0,31
adaptation,31,0,31
gaming,28,3,31
certainty,31,0,31
schrder,31,0,31
stroke,29,2,31
physicist,31,0,31
annoying,31,0,31
hessian,31,0,31
los,30,1,31
plastic,31,0,31
affairs,31,0,31
therapist,31,0,31
testing,31,0,31
tap,31,0,31
deepl,31,0,31
permanently,31,0,31
none,31,0,31
client,31,0,31
scandal,31,0,31
shine,31,0,31
bahn,30,1,31
drug,31,0,31
dare,31,0,31
george,31,0,31
unnecessary,31,0,31
terrorist,30,1,31
compromise,31,0,31
demonstration,31,0,31
escape,30,1,31
pornography,29,1,30
known,30,0,30
oppose,30,0,30
impose,30,0,30
ralf,29,1,30
insult,30,0,30
brother,30,0,30
climb,30,0,30
tackle,30,0,30
afd,29,1,30
rail,30,0,30
aibut,30,0,30
counteract,30,0,30
fusion,30,0,30
tissue,30,0,30
harmless,28,2,30
angeles,30,0,30
collaboration,30,0,30
leyen,28,2,30
anchor,30,0,30
expressly,30,0,30
independence,30,0,30
reputation,30,0,30
deficit,30,0,30
34,30,0,30
neglect,30,0,30
archive,29,1,30
bureaucracy,30,0,30
ethically,30,0,30
tikok,28,2,30
supermarket,29,1,30
haaland,30,0,30
garbage,28,2,30
rival,29,1,30
65,30,0,30
blake,30,0,30
exploit,30,0,30
africa,30,0,30
christoph,30,0,30
presence,30,0,30
decoder,30,0,30
stone,30,0,30
mccartney,29,1,30
fragment,30,0,30
fraction,30,0,30
philosophy,30,0,30
flexible,30,0,30
trace,30,0,30
coordinate,29,1,30
perpetrator,30,0,30
racing,30,0,30
dealer,30,0,30
historian,29,1,30
labeling,30,0,30
mouth,30,0,30
dresden,29,1,30
duty,30,0,30
swift,29,1,30
barrier,30,0,30
england,28,2,30
tradition,30,0,30
55,30,0,30
hurt,29,1,30
height,30,0,30
porn,30,0,30
heinz,30,0,30
complement,30,0,30
marcus,29,0,29
tendency,29,0,29
diagnose,29,0,29
acceptance,29,0,29
sanction,29,0,29
vegas,28,1,29
badly,29,0,29
curve,29,0,29
trouble,29,0,29
navigation,29,0,29
voluntary,28,1,29
collapse,29,0,29
clinical,29,0,29
uap,29,0,29
tutor,29,0,29
seminar,29,0,29
lecturer,29,0,29
switzerland,28,1,29
deepfakes,29,0,29
sascha,28,1,29
correctness,29,0,29
referee,27,2,29
surround,29,0,29
sight,29,0,29
dissolve,29,0,29
opening,29,0,29
allegedly,27,2,29
classroom,29,0,29
insist,29,0,29
schedule,29,0,29
organoid,28,1,29
incorrectly,29,0,29
commissioner,28,1,29
legislation,29,0,29
immense,29,0,29
spiegelde,29,0,29
fulfill,29,0,29
viral,28,1,29
ambitious,28,1,29
curious,28,1,29
400,29,0,29
assure,29,0,29
overlook,29,0,29
fraudster,29,0,29
ipai,29,0,29
monster,26,3,29
bsi,27,2,29
counterpart,29,0,29
aitchen,28,1,29
annually,29,0,29
companion,29,0,29
mayer,28,1,29
departure,29,0,29
operational,29,0,29
honest,29,0,29
repair,28,1,29
zoom,28,1,29
katharina,29,0,29
specification,29,0,29
leak,27,2,29
bar,28,1,29
confusion,29,0,29
37,29,0,29
entirely,28,0,28
radical,27,1,28
telephone,28,0,28
embed,28,0,28
telekom,27,1,28
worried,28,0,28
angry,28,0,28
mps,27,1,28
2030,28,0,28
equally,28,0,28
crypto,28,0,28
positively,28,0,28
discharge,25,3,28
burden,28,0,28
australia,28,0,28
heavily,28,0,28
survival,27,1,28
trial,28,0,28
outstanding,28,0,28
castle,28,0,28
rational,28,0,28
cash,28,0,28
32,28,0,28
sister,28,0,28
sarah,28,0,28
fulfil,28,0,28
birth,28,0,28
ticket,28,0,28
gene,28,0,28
photograph,28,0,28
safely,28,0,28
bachelor,28,0,28
sad,28,0,28
beethoven,28,0,28
foot,28,0,28
forbid,28,0,28
webb,28,0,28
indispensable,28,0,28
45,28,0,28
aithis,28,0,28
formulation,28,0,28
viewer,28,0,28
australian,28,0,28
adjustment,28,0,28
documentation,28,0,28
tiny,28,0,28
railway,28,0,28
consultation,27,1,28
bengio,27,1,28
though,28,0,28
manufacture,28,0,28
conspiracy,28,0,28
retirement,28,0,28
sexual,27,1,28
38,28,0,28
manageable,28,0,28
genre,28,0,28
sun,28,0,28
taylor,27,1,28
regime,28,0,28
plaintiff,28,0,28
aiit,28,0,28
das,28,0,28
molecule,28,0,28
harm,28,0,28
acid,28,0,28
joy,28,0,28
usage,27,0,27
village,27,0,27
hopefully,27,0,27
hybrid,27,0,27
entertain,27,0,27
guy,27,0,27
craft,27,0,27
minority,27,0,27
agricultural,27,0,27
entitle,27,0,27
goodbye,27,0,27
smith,26,1,27
atomic,26,1,27
warm,27,0,27
impress,27,0,27
town,27,0,27
angela,27,0,27
wise,27,0,27
wipe,25,2,27
einstein,27,0,27
hunt,26,1,27
wirtschaft,25,2,27
premier,27,0,27
palatinate,27,0,27
conclude,26,1,27
determination,26,1,27
hans,26,1,27
experimental,27,0,27
chicken,25,2,27
confidential,27,0,27
verge,27,0,27
fascination,27,0,27
temperature,27,0,27
depression,26,1,27
chemical,27,0,27
conscious,27,0,27
mere,27,0,27
rhineland,27,0,27
fabric,27,0,27
boundary,27,0,27
boston,27,0,27
amp,27,0,27
resident,27,0,27
widespread,27,0,27
turing,27,0,27
sz,23,4,27
pleasant,27,0,27
excellence,27,0,27
pin,25,2,27
ios,27,0,27
formal,27,0,27
insider,27,0,27
screw,27,0,27
busy,27,0,27
instance,27,0,27
perfectly,27,0,27
mcainsey,25,2,27
senate,27,0,27
ongoing,27,0,27
obstacle,27,0,27
treasure,27,0,27
semester,26,1,27
composition,27,0,27
48,27,0,27
financially,27,0,27
invitation,27,0,27
dax,26,0,26
chatgt,26,0,26
discord,26,0,26
baidu,25,1,26
ceremony,26,0,26
stefan,26,0,26
anonymous,26,0,26
murati,26,0,26
individually,26,0,26
cent,26,0,26
enterprise,26,0,26
postpone,25,1,26
truck,26,0,26
wheel,26,0,26
wga,26,0,26
jones,26,0,26
renewable,26,0,26
austria,26,0,26
blania,26,0,26
iw,26,0,26
detector,25,1,26
romantic,26,0,26
willingness,26,0,26
bundesliga,26,0,26
insurer,26,0,26
niche,26,0,26
anymore,26,0,26
translator,26,0,26
inevitably,26,0,26
seek,26,0,26
absolute,26,0,26
tower,26,0,26
module,26,0,26
accusation,26,0,26
scare,26,0,26
minor,26,0,26
crack,26,0,26
dirk,26,0,26
equipment,26,0,26
liberal,26,0,26
profitable,26,0,26
liquid,26,0,26
31,26,0,26
grasp,26,0,26
speculate,26,0,26
fu,26,0,26
functional,26,0,26
stability,26,0,26
dj,26,0,26
functionality,26,0,26
maintenance,25,1,26
recover,26,0,26
logo,26,0,26
progressive,26,0,26
observer,26,0,26
unconditional,26,0,26
taste,25,1,26
comply,26,0,26
firefly,24,2,26
comedian,26,0,26
lively,26,0,26
domain,26,0,26
dry,26,0,26
percentage,26,0,26
snore,26,0,26
ocean,26,0,26
afternoon,26,0,26
optimism,26,0,26
anna,26,0,26
mask,25,1,26
sober,26,0,26
afp,26,0,26
sue,23,3,26
hanks,20,6,26
amino,26,0,26
anadol,26,0,26
cooperate,22,4,26
guard,26,0,26
drink,26,0,26
psychological,26,0,26
flawless,25,0,25
victory,24,1,25
alien,25,0,25
interactive,25,0,25
follower,25,0,25
intelligenz,25,0,25
fmri,25,0,25
underlie,25,0,25
pump,25,0,25
undermine,25,0,25
verlag,23,2,25
worthwhile,25,0,25
pentagon,23,2,25
republican,25,0,25
rain,25,0,25
reservation,25,0,25
z,24,1,25
demo,24,1,25
kretschmann,24,1,25
bauer,25,0,25
tsmc,25,0,25
curiosity,25,0,25
dependency,25,0,25
poetry,24,1,25
currency,23,2,25
amaze,25,0,25
nuance,25,0,25
spectrum,25,0,25
exclusive,25,0,25
farmer,25,0,25
richard,24,1,25
bbc,25,0,25
twenty,25,0,25
bed,25,0,25
j,24,1,25
api,25,0,25
merkel,25,0,25
alphafold,25,0,25
inspiration,25,0,25
optimal,25,0,25
narrative,25,0,25
mouse,25,0,25
siemens,24,1,25
documentary,25,0,25
starting,25,0,25
acquisition,25,0,25
biometric,25,0,25
handling,25,0,25
termination,24,1,25
horkheimer,25,0,25
cluster,25,0,25
surprised,25,0,25
african,24,1,25
clock,25,0,25
egg,24,1,25
gpu,25,0,25
hood,25,0,25
terrible,25,0,25
hip,25,0,25
distort,25,0,25
photoshop,25,0,25
guardian,25,0,25
length,25,0,25
vladimir,23,2,25
gb,25,0,25
bet,25,0,25
unemployment,25,0,25
wake,25,0,25
philosophical,25,0,25
occasion,25,0,25
wealth,25,0,25
euphoria,25,0,25
ait,25,0,25
proud,25,0,25
attach,25,0,25
endless,25,0,25
beta,25,0,25
obama,25,0,25
comes,25,0,25
loan,25,0,25
accorde,25,0,25
humane,24,1,25
neo,24,1,25
dominant,25,0,25
colorful,25,0,25
discriminate,24,1,25
cup,24,0,24
ecological,24,0,24
tank,23,1,24
cryptocurrencie,23,1,24
dpfner,24,0,24
automotive,24,0,24
distortion,24,0,24
stuff,24,0,24
urge,23,1,24
merge,23,1,24
austin,24,0,24
desk,24,0,24
duel,23,1,24
punishment,24,0,24
defeat,23,1,24
monitoring,23,1,24
dance,24,0,24
teenager,22,2,24
organizer,24,0,24
influential,24,0,24
illustrator,24,0,24
blame,24,0,24
aleph,18,6,24
laser,24,0,24
oscar,23,1,24
incident,24,0,24
analog,24,0,24
rights,24,0,24
nerve,24,0,24
theoretical,24,0,24
snapchat,23,1,24
comfortable,24,0,24
evident,24,0,24
johannes,24,0,24
bird,24,0,24
lonely,24,0,24
jrg,24,0,24
satisfied,24,0,24
tourism,22,2,24
circular,24,0,24
funke,24,0,24
flower,24,0,24
manta,24,0,24
characterai,20,4,24
beauty,24,0,24
neighbor,24,0,24
interim,24,0,24
porsche,23,1,24
faulty,24,0,24
m3gan,22,2,24
bubble,24,0,24
confuse,23,1,24
prepared,24,0,24
alignment,24,0,24
rock,24,0,24
buyx,24,0,24
compliance,24,0,24
conquer,20,4,24
flash,23,1,24
la,24,0,24
prince,23,1,24
handelsblatt,24,0,24
trilogue,24,0,24
c,24,0,24
accidentally,24,0,24
magical,24,0,24
token,24,0,24
presidential,24,0,24
aesthetic,24,0,24
higher,24,0,24
1st,24,0,24
phrase,24,0,24
replika,22,2,24
peer,24,0,24
segment,24,0,24
tension,24,0,24
vries,24,0,24
giffey,24,0,24
pack,24,0,24
retire,24,0,24
cave,23,1,24
1980,24,0,24
aiev,23,1,24
hole,23,1,24
sick,24,0,24
services,24,0,24
2001,24,0,24
similarity,24,0,24
elite,24,0,24
garden,24,0,24
organic,24,0,24
hpe,24,0,24
reporting,24,0,24
terminate,24,0,24
apologize,24,0,24
genai,24,0,24
claude,24,0,24
migration,23,0,23
oral,23,0,23
prison,23,0,23
recruit,23,0,23
flat,23,0,23
moderate,23,0,23
ces,21,2,23
weigh,23,0,23
subsequent,23,0,23
telegram,22,1,23
44,23,0,23
messenger,23,0,23
plattner,23,0,23
concentration,22,1,23
witness,23,0,23
admission,23,0,23
orchestra,23,0,23
coffee,22,1,23
scarce,23,0,23
tariff,23,0,23
catalog,23,0,23
fresh,23,0,23
2025,23,0,23
superintelligent,23,0,23
illness,23,0,23
smooth,23,0,23
theoretically,23,0,23
discourse,23,0,23
cancel,23,0,23
transaction,23,0,23
naked,23,0,23
pronounce,23,0,23
foreground,23,0,23
sai,22,1,23
compatible,23,0,23
wording,23,0,23
naive,22,1,23
alcohol,23,0,23
yang,23,0,23
warner,22,1,23
smell,23,0,23
mom,23,0,23
rapper,23,0,23
excel,23,0,23
boost,23,0,23
megatrend,23,0,23
wozniak,23,0,23
kutylowsai,23,0,23
jena,21,2,23
adolescent,23,0,23
kelber,23,0,23
jesus,23,0,23
exit,23,0,23
rightly,23,0,23
steer,23,0,23
screenshot,23,0,23
brecht,22,1,23
poster,23,0,23
ride,22,1,23
hat,23,0,23
cryptocurrency,22,1,23
harbor,23,0,23
baerbock,20,3,23
authenticity,23,0,23
authorship,23,0,23
kamala,21,2,23
rent,23,0,23
coral,23,0,23
tester,23,0,23
julia,23,0,23
terminator,22,1,23
mixture,23,0,23
kai,23,0,23
whereby,23,0,23
extinguish,22,1,23
constitutional,23,0,23
extra,23,0,23
poorly,23,0,23
professorship,23,0,23
secondary,23,0,23
2013,23,0,23
21,23,0,23
bitcoin,22,1,23
symbol,23,0,23
powerpoint,22,1,23
bizarre,23,0,23
crown,23,0,23
theater,22,1,23
enemy,23,0,23
spectator,23,0,23
ninety,23,0,23
nursing,23,0,23
aftra,23,0,23
brilliant,22,1,23
consistently,23,0,23
qualified,22,0,22
activate,22,0,22
esken,21,1,22
postillon,20,2,22
wolfgang,22,0,22
gimmick,22,0,22
motivate,22,0,22
mighty,22,0,22
distrust,22,0,22
plane,22,0,22
lightroom,21,1,22
54,22,0,22
terminal,22,0,22
ordinary,22,0,22
permission,22,0,22
chatrobot,22,0,22
affair,21,1,22
revise,22,0,22
hero,21,1,22
aihowever,22,0,22
parrot,22,0,22
bhm,22,0,22
blur,22,0,22
demographic,22,0,22
klaus,22,0,22
mature,22,0,22
appoint,22,0,22
mp,21,1,22
wherever,22,0,22
taxi,22,0,22
prone,22,0,22
solidarity,22,0,22
games,21,1,22
battle,22,0,22
rishi,21,1,22
arrange,22,0,22
jan,22,0,22
solar,22,0,22
random,22,0,22
william,21,1,22
roblox,22,0,22
weekly,22,0,22
calendar,22,0,22
pocket,22,0,22
alleged,22,0,22
deepen,22,0,22
lyric,20,2,22
tang,22,0,22
injure,22,0,22
fc,22,0,22
panic,22,0,22
transparently,22,0,22
fold,22,0,22
metaverse,20,2,22
export,22,0,22
lift,22,0,22
openness,22,0,22
oxford,22,0,22
behavioral,22,0,22
nasdaq,20,2,22
promotion,21,1,22
wonderful,22,0,22
coordination,22,0,22
southwest,22,0,22
jrgen,22,0,22
religion,22,0,22
conviction,22,0,22
illusion,21,1,22
excerpt,22,0,22
vienna,22,0,22
forever,21,1,22
westphalia,22,0,22
beuth,21,0,21
sculpture,20,1,21
characterize,21,0,21
tobias,21,0,21
sder,20,1,21
nervous,21,0,21
hessen,20,1,21
opportunitie,20,1,21
grid,21,0,21
zurich,21,0,21
joshua,21,0,21
remote,21,0,21
robo,19,2,21
jacket,21,0,21
jenny,21,0,21
bridge,21,0,21
autonomy,21,0,21
joachim,21,0,21
bottle,21,0,21
holder,21,0,21
whisper,21,0,21
nose,21,0,21
keyboard,21,0,21
systematically,21,0,21
democrats,21,0,21
turbo,19,2,21
resemble,21,0,21
protective,21,0,21
lanz,20,1,21
36,21,0,21
rush,21,0,21
legend,20,1,21
neuer,21,0,21
surrounding,21,0,21
ministers,21,0,21
wars,21,0,21
according,21,0,21
bike,21,0,21
reinforcement,21,0,21
mira,21,0,21
suspicion,21,0,21
satisfaction,21,0,21
penalty,20,1,21
1970,21,0,21
inappropriate,21,0,21
inequality,21,0,21
heavyweight,21,0,21
prosecutor,21,0,21
dsseldorf,21,0,21
muscle,21,0,21
edwards,21,0,21
myth,21,0,21
aifor,21,0,21
github,21,0,21
florian,21,0,21
personalized,21,0,21
wolf,21,0,21
spam,21,0,21
executive,21,0,21
menu,21,0,21
fat,21,0,21
explanatory,21,0,21
drastic,21,0,21
lmu,20,1,21
explosive,21,0,21
pornographic,21,0,21
rainer,21,0,21
mercedes,21,0,21
easier,21,0,21
commercially,21,0,21
musical,21,0,21
commerzbank,21,0,21
sleeve,21,0,21
altmans,21,0,21
considerably,21,0,21
recall,21,0,21
overnight,21,0,21
consensus,21,0,21
al,21,0,21
fortunately,21,0,21
presumably,21,0,21
gift,21,0,21
asian,21,0,21
stimulate,21,0,21
subscribe,21,0,21
lever,21,0,21
enforcement,21,0,21
fitness,20,1,21
assert,21,0,21
semitic,21,0,21
dave,21,0,21
reddit,21,0,21
250,21,0,21
10th,21,0,21
superstar,21,0,21
motion,21,0,21
chemistry,21,0,21
fellow,21,0,21
essentially,21,0,21
enormously,21,0,21
grime,20,1,21
courage,20,1,21
feasible,21,0,21
annoy,21,0,21
v,21,0,21
quiz,20,1,21
p,21,0,21
grammar,21,0,21
statistically,21,0,21
intuitive,20,0,20
labs,20,0,20
sorry,20,0,20
stuhldreier,20,0,20
nightmare,20,0,20
fantastic,20,0,20
prohibition,20,0,20
bundle,20,0,20
devote,20,0,20
bite,20,0,20
pr,20,0,20
spain,18,2,20
interrupt,20,0,20
willing,20,0,20
fault,20,0,20
bundeswehr,18,2,20
robotics,20,0,20
adventure,20,0,20
island,20,0,20
dystopian,19,1,20
5000,20,0,20
credible,20,0,20
applie,20,0,20
klein,20,0,20
encryption,20,0,20
stereotype,20,0,20
tube,20,0,20
tennis,19,1,20
norwegian,20,0,20
erding,15,5,20
deposit,20,0,20
masse,20,0,20
marvel,20,0,20
blessing,19,1,20
mars,20,0,20
convinced,20,0,20
vanessa,19,1,20
conversely,20,0,20
consulting,20,0,20
ecj,20,0,20
structural,20,0,20
rtl,20,0,20
manually,20,0,20
extraordinary,20,0,20
bright,20,0,20
facilitate,20,0,20
fairly,20,0,20
mit,20,0,20
conjure,20,0,20
jensen,20,0,20
strategically,20,0,20
humboldt,20,0,20
catastrophic,20,0,20
linkedin,19,1,20
frequent,20,0,20
acceleration,20,0,20
hydrogen,19,1,20
virtually,20,0,20
commerce,20,0,20
comfort,20,0,20
circus,19,1,20
guardrail,20,0,20
totally,20,0,20
huk24,20,0,20
dominance,20,0,20
gate,20,0,20
ulrich,20,0,20
nurse,20,0,20
scratch,20,0,20
molecular,20,0,20
predictive,20,0,20
occupy,20,0,20
coherent,20,0,20
classifier,20,0,20
things,20,0,20
voting,20,0,20
adequate,20,0,20
chamber,20,0,20
regret,20,0,20
legendary,20,0,20
closed,20,0,20
linguistically,20,0,20
networked,20,0,20
aggressive,20,0,20
id,20,0,20
ag,20,0,20
compile,20,0,20
biography,20,0,20
indicator,20,0,20
drastically,20,0,20
relevance,20,0,20
sddeutsche,20,0,20
cake,20,0,20
pose,20,0,20
trainer,20,0,20
reliability,20,0,20
teachers,19,1,20
subscriber,20,0,20
misleading,20,0,20
patent,20,0,20
theme,20,0,20
smoke,19,1,20
shame,20,0,20
precaution,20,0,20
snow,20,0,20
childhood,20,0,20
fossil,20,0,20
imma,20,0,20
abolish,19,1,20
150,20,0,20
cancellation,20,0,20
traditionally,19,1,20
alan,19,1,20
albeit,20,0,20
cruise,19,0,19
prof,19,0,19
unauthorized,19,0,19
clarkson,19,0,19
unicorn,18,1,19
cheer,19,0,19
zone,19,0,19
1990,19,0,19
tender,19,0,19
cybercriminal,19,0,19
bender,19,0,19
decent,19,0,19
2011,19,0,19
buyer,19,0,19
2010,19,0,19
undertake,19,0,19
consciously,19,0,19
broadcast,19,0,19
preview,19,0,19
capitalization,19,0,19
beer,19,0,19
triple,19,0,19
ms,19,0,19
predictable,19,0,19
comedy,19,0,19
1960,19,0,19
contradiction,19,0,19
nude,17,2,19
unemployed,18,1,19
ultra,18,1,19
msci,18,1,19
cnet,18,1,19
transformative,19,0,19
korean,19,0,19
systematic,19,0,19
ursula,19,0,19
infinite,19,0,19
rumor,19,0,19
apocalypse,18,1,19
weels,19,0,19
86,19,0,19
85,19,0,19
meat,19,0,19
franziska,19,0,19
slight,19,0,19
800,19,0,19
fuer,19,0,19
mentor,19,0,19
intermediate,18,1,19
virus,19,0,19
grateful,19,0,19
interpreter,19,0,19
meseberg,18,1,19
army,18,1,19
visionary,19,0,19
substance,19,0,19
donation,19,0,19
49,19,0,19
serial,19,0,19
dismantle,19,0,19
omnipresent,19,0,19
nuxoll,19,0,19
gerd,19,0,19
jury,19,0,19
forbidden,18,1,19
43,19,0,19
erica,19,0,19
imaging,19,0,19
mainz,18,1,19
fate,18,1,19
overestimate,18,1,19
hesitate,19,0,19
magnetic,19,0,19
secretly,19,0,19
hobby,18,1,19
schneider,19,0,19
holiday,19,0,19
outline,19,0,19
exploitation,19,0,19
warfare,19,0,19
honor,19,0,19
exhaust,19,0,19
harvard,19,0,19
housing,19,0,19
luminar,18,1,19
overwhelming,19,0,19
accordance,19,0,19
stack,19,0,19
standardized,19,0,19
accelerator,18,1,19
ii,19,0,19
soldier,19,0,19
float,19,0,19
korea,19,0,19
ann,19,0,19
reward,19,0,19
applicable,19,0,19
gmail,19,0,19
57,19,0,19
audi,18,1,19
destination,19,0,19
kane,19,0,19
unpredictable,19,0,19
shoe,19,0,19
republicans,19,0,19
rethink,18,1,19
okay,19,0,19
52,19,0,19
recovery,19,0,19
voluntarily,19,0,19
precision,18,0,18
equation,18,0,18
equivalent,18,0,18
immigration,18,0,18
2008,18,0,18
competency,18,0,18
quiet,18,0,18
eric,18,0,18
imitation,18,0,18
anniversary,18,0,18
whittaker,16,2,18
inadequate,18,0,18
ernie,17,1,18
barbie,18,0,18
layoff,18,0,18
mastodon,18,0,18
correspondingly,18,0,18
hanover,17,1,18
animate,18,0,18
khan,18,0,18
ludwig,18,0,18
laughter,18,0,18
tighten,17,1,18
entrance,18,0,18
mozilla,17,1,18
hamas,18,0,18
swisher,18,0,18
el,17,1,18
confidently,18,0,18
biotechnology,17,1,18
burst,18,0,18
install,18,0,18
hammer,17,1,18
ruin,18,0,18
creepy,17,1,18
creep,18,0,18
misunderstanding,18,0,18
reasonably,18,0,18
creature,18,0,18
forth,18,0,18
emergence,18,0,18
tie,18,0,18
sxsw,16,2,18
wedding,18,0,18
inevitable,18,0,18
retail,17,1,18
sand,18,0,18
relaxed,18,0,18
bonn,18,0,18
proclaim,18,0,18
ethnic,18,0,18
ceiling,18,0,18
53,18,0,18
ad,18,0,18
resistant,18,0,18
warehouse,17,1,18
refugee,18,0,18
rave,18,0,18
certification,18,0,18
spiritual,18,0,18
spin,18,0,18
secondly,18,0,18
faculty,18,0,18
ambition,18,0,18
chatbots,17,1,18
aiel,18,0,18
spelling,18,0,18
adequately,18,0,18
xinjiang,18,0,18
chancellery,18,0,18
orange,18,0,18
scoring,18,0,18
henry,18,0,18
shear,18,0,18
heidi,18,0,18
horn,18,0,18
acting,18,0,18
vague,18,0,18
withdrawal,18,0,18
friendship,18,0,18
saudi,18,0,18
solely,18,0,18
harrison,18,0,18
evangelical,18,0,18
cariad,18,0,18
valid,18,0,18
racism,18,0,18
textbook,18,0,18
closure,18,0,18
marry,18,0,18
carrier,18,0,18
1975,18,0,18
wired,18,0,18
lufthansa,17,1,18
compliant,18,0,18
golden,18,0,18
http,18,0,18
passion,18,0,18
hpi,18,0,18
desirable,18,0,18
hasso,18,0,18
offense,18,0,18
friedrich,18,0,18
charles,18,0,18
circuit,18,0,18
dystopia,18,0,18
dld,18,0,18
700,18,0,18
jack,18,0,18
uncover,18,0,18
browder,18,0,18
brown,18,0,18
promising,18,0,18
misinformation,18,0,18
coat,18,0,18
aircraft,18,0,18
punish,18,0,18
monthly,18,0,18
log,18,0,18
investigator,18,0,18
investigative,18,0,18
dubious,18,0,18
roof,18,0,18
curriculum,17,1,18
dutch,18,0,18
dividend,18,0,18
briefing,18,0,18
recycle,17,1,18
troop,18,0,18
20000,18,0,18
suspend,18,0,18
uncertain,18,0,18
wheat,18,0,18
geopolitical,18,0,18
shrink,18,0,18
unless,18,0,18
greeting,17,1,18
astonishing,18,0,18
aimy,18,0,18
vocabulary,18,0,18
tangible,18,0,18
sustainably,18,0,18
minimal,18,0,18
pancreatic,18,0,18
provoke,18,0,18
sven,18,0,18
ndr,18,0,18
sweet,18,0,18
irrelevant,17,1,18
lisa,18,0,18
interlocutor,18,0,18
strip,18,0,18
root,18,0,18
eastern,18,0,18
habit,18,0,18
2035,14,4,18
planck,18,0,18
cult,17,1,18
shirt,18,0,18
airline,18,0,18
studies,18,0,18
regulator,17,0,17
horse,16,1,17
continuation,17,0,17
tooth,17,0,17
municipality,17,0,17
mechanic,17,0,17
jewish,17,0,17
ancient,17,0,17
protagonist,17,0,17
chef,17,0,17
ancillary,17,0,17
dialog,17,0,17
bestseller,17,0,17
swing,17,0,17
30th,17,0,17
texas,17,0,17
180,17,0,17
nowhere,17,0,17
infringement,17,0,17
frame,17,0,17
overwhelmed,17,0,17
religious,17,0,17
dismiss,17,0,17
neuralink,17,0,17
accounting,17,0,17
ring,17,0,17
assembly,16,1,17
radically,17,0,17
excited,17,0,17
mediation,17,0,17
tagesschau,17,0,17
breathe,17,0,17
chaudhri,17,0,17
yoshua,17,0,17
prevention,17,0,17
hearing,17,0,17
rough,17,0,17
dignity,15,2,17
directional,17,0,17
oven,17,0,17
noticeably,17,0,17
unlock,17,0,17
tedious,17,0,17
schulz,17,0,17
rhein,15,2,17
modify,17,0,17
chapter,17,0,17
halmer,17,0,17
sharply,17,0,17
faeser,17,0,17
vocational,17,0,17
ataman,15,2,17
astonishingly,16,1,17
flag,17,0,17
filmmaker,16,1,17
sony,17,0,17
astonish,17,0,17
bureaucratic,17,0,17
philipp,17,0,17
breath,16,1,17
coincidence,17,0,17
certificate,17,0,17
amnesty,16,1,17
bajohr,15,2,17
mannheim,17,0,17
privately,17,0,17
medien,15,2,17
await,17,0,17
unrealistic,17,0,17
susceptible,17,0,17
straight,17,0,17
subtle,17,0,17
indirectly,17,0,17
antibiotic,17,0,17
footprint,17,0,17
telescope,17,0,17
arouse,17,0,17
larry,17,0,17
stephan,17,0,17
sinn,16,1,17
auf,17,0,17
recipient,17,0,17
indeed,17,0,17
eloquent,17,0,17
chris,17,0,17
chop,16,1,17
nina,17,0,17
nuremberg,17,0,17
wine,17,0,17
nasty,17,0,17
inclusion,17,0,17
selenskyj,17,0,17
futuristic,17,0,17
plot,17,0,17
handout,16,1,17
lucrative,17,0,17
animation,17,0,17
determined,17,0,17
combustion,17,0,17
handful,17,0,17
informed,17,0,17
nazi,16,1,17
cord,17,0,17
56,17,0,17
retailer,16,1,17
playful,17,0,17
ideally,17,0,17
royal,17,0,17
20th,17,0,17
presidency,17,0,17
csu,17,0,17
injury,17,0,17
coaching,16,1,17
metzinger,17,0,17
happiness,17,0,17
inadmissible,17,0,17
cable,17,0,17
fleet,17,0,17
negotiator,16,0,16
recur,16,0,16
seller,15,1,16
headset,16,0,16
fifty,16,0,16
spaceship,16,0,16
native,16,0,16
lens,16,0,16
sketch,16,0,16
shakespeare,16,0,16
2007,16,0,16
frequency,16,0,16
fictitious,16,0,16
singapore,16,0,16
likelihood,16,0,16
gear,16,0,16
grab,16,0,16
fischer,16,0,16
settle,16,0,16
fish,16,0,16
underline,16,0,16
clothing,16,0,16
colon,15,1,16
fluid,16,0,16
gang,16,0,16
fox,16,0,16
alibaba,16,0,16
harari,16,0,16
refrigerator,16,0,16
gather,16,0,16
gemini,15,1,16
alert,16,0,16
redmond,16,0,16
loop,16,0,16
settlement,16,0,16
francis,16,0,16
classmate,16,0,16
agi,16,0,16
navy,16,0,16
luxury,16,0,16
plate,16,0,16
airbnb,15,1,16
sixth,16,0,16
neighboring,16,0,16
prescribe,16,0,16
hagendorff,16,0,16
sexist,16,0,16
throughout,16,0,16
capitalism,16,0,16
heesen,16,0,16
ipo,16,0,16
echo,16,0,16
merck,16,0,16
painter,16,0,16
dws,15,1,16
investigate,14,2,16
invisible,16,0,16
subjective,16,0,16
bag,16,0,16
iran,16,0,16
subsequently,16,0,16
pair,16,0,16
dress,16,0,16
werner,16,0,16
item,16,0,16
editing,16,0,16
47,16,0,16
psychotherapy,16,0,16
84,16,0,16
eliza,16,0,16
apparatus,16,0,16
usathe,16,0,16
eldagsen,15,1,16
elaborate,16,0,16
crowd,16,0,16
eighth,15,1,16
traveler,16,0,16
lake,16,0,16
confirmation,16,0,16
81,16,0,16
appropriately,16,0,16
eg,16,0,16
reminder,16,0,16
domination,16,0,16
jeff,16,0,16
anywhere,16,0,16
paralyze,16,0,16
repetition,16,0,16
boris,15,1,16
decree,16,0,16
58,16,0,16
avert,15,1,16
kersting,16,0,16
augsburg,15,1,16
pepper,15,1,16
whoever,16,0,16
desert,16,0,16
51,16,0,16
turkey,15,1,16
unpleasant,16,0,16
synthesis,16,0,16
reverse,16,0,16
decipher,16,0,16
brief,16,0,16
tale,16,0,16
millennium,16,0,16
bremen,16,0,16
mine,16,0,16
supremacy,16,0,16
noah,16,0,16
bread,16,0,16
johnson,16,0,16
bother,16,0,16
renovation,16,0,16
62,16,0,16
jungle,16,0,16
600,16,0,16
susanne,16,0,16
revision,16,0,16
pleasure,16,0,16
cry,16,0,16
aids,16,0,16
homepage,16,0,16
vaccination,16,0,16
leg,16,0,16
faction,16,0,16
hint,16,0,16
vaccine,16,0,16
overwhelm,16,0,16
spy,16,0,16
cfo,16,0,16
leaf,16,0,16
hook,16,0,16
wow,16,0,16
scholar,16,0,16
stamp,16,0,16
extinction,15,1,16
maps,16,0,16
consultancy,16,0,16
legitimate,16,0,16
fairy,16,0,16
faith,16,0,16
stipulate,16,0,16
equity,16,0,16
tempt,16,0,16
fascinated,16,0,16
exceptional,16,0,16
wisdom,16,0,16
hubert,15,1,16
spell,16,0,16
enlarge,16,0,16
hr,16,0,16
multimodal,16,0,16
ensemble,15,1,16
netzwelt,16,0,16
14th,16,0,16
amazingly,16,0,16
utopian,15,1,16
imminent,16,0,16
europeans,15,1,16
jobs,15,0,15
honorary,15,0,15
wirsing,15,0,15
92,15,0,15
revolve,15,0,15
lego,13,2,15
shadow,14,1,15
tire,15,0,15
affordable,15,0,15
blockbuster,15,0,15
refute,15,0,15
bore,15,0,15
chairwoman,15,0,15
hinder,15,0,15
pearl,15,0,15
kremlin,15,0,15
tune,15,0,15
unacceptable,15,0,15
scrap,15,0,15
trivial,15,0,15
gt7,15,0,15
jerry,15,0,15
absorb,15,0,15
neutrality,15,0,15
vulnerable,15,0,15
berkeley,15,0,15
illegally,15,0,15
plausibility,15,0,15
canvas,15,0,15
41,15,0,15
hairdresser,15,0,15
impressively,15,0,15
biodiversity,14,1,15
1500,15,0,15
router,15,0,15
s23,13,2,15
95,15,0,15
900,15,0,15
hamilton,15,0,15
christopher,15,0,15
refrain,15,0,15
involved,15,0,15
bridle,14,1,15
liable,15,0,15
twitch,15,0,15
river,15,0,15
lindner,15,0,15
accurate,15,0,15
servant,15,0,15
redesign,15,0,15
opera,14,1,15
ist,15,0,15
saying,15,0,15
broadly,15,0,15
aia,15,0,15
iron,15,0,15
timetable,15,0,15
4000,15,0,15
iris,15,0,15
ireland,15,0,15
gymnasium,15,0,15
oracle,15,0,15
organizational,15,0,15
eternal,15,0,15
diploma,15,0,15
pi,15,0,15
assurance,15,0,15
andrea,15,0,15
controller,15,0,15
vast,15,0,15
surgery,15,0,15
marie,15,0,15
maria,15,0,15
rage,15,0,15
experienced,15,0,15
manuscript,15,0,15
consistent,15,0,15
split,15,0,15
f,14,1,15
bayer,15,0,15
realistically,15,0,15
atlantic,15,0,15
falsehood,15,0,15
fascinate,15,0,15
ransomware,15,0,15
verify,15,0,15
alongside,15,0,15
attraction,15,0,15
mac,15,0,15
diet,15,0,15
outdate,15,0,15
align,14,1,15
auction,15,0,15
soft,15,0,15
becker,15,0,15
massachusetts,15,0,15
angels,15,0,15
anger,15,0,15
r,15,0,15
technica,15,0,15
cute,15,0,15
projection,15,0,15
dubai,15,0,15
dust,15,0,15
curator,15,0,15
techno,15,0,15
technologically,15,0,15
publishing,15,0,15
eintracht,15,0,15
applications,15,0,15
balanced,15,0,15
objectively,15,0,15
monkey,15,0,15
crawl,15,0,15
microphone,15,0,15
quest,15,0,15
maximilian,15,0,15
21st,15,0,15
covid,15,0,15
entertaining,15,0,15
enthusiast,15,0,15
tenth,14,1,15
unfair,15,0,15
steffen,15,0,15
steadily,15,0,15
distinction,15,0,15
vacuum,14,1,15
ethicist,14,1,15
sword,15,0,15
unlimited,15,0,15
ordinance,14,1,15
thick,15,0,15
175,15,0,15
colonoscopy,15,0,15
gabriel,15,0,15
depot,15,0,15
protectionist,15,0,15
detect,15,0,15
dependence,15,0,15
nations,15,0,15
deserve,14,1,15
aux,15,0,15
200000,15,0,15
austrian,15,0,15
globe,15,0,15
gmbh,15,0,15
logistic,15,0,15
delegate,15,0,15
g7,15,0,15
newcomer,14,0,14
salesforce,14,0,14
wwwyoutubecom,14,0,14
watt,14,0,14
distinguished,14,0,14
twin,14,0,14
coup,14,0,14
immune,14,0,14
3000,14,0,14
openais,14,0,14
impressed,14,0,14
entrepreneurial,14,0,14
tense,14,0,14
klwer,14,0,14
jason,14,0,14
cambridge,14,0,14
vocal,13,1,14
geilsdrfer,14,0,14
deeppake,14,0,14
masterpiece,14,0,14
acceptable,14,0,14
biglayla,13,1,14
wire,14,0,14
convincingly,14,0,14
bold,14,0,14
piano,14,0,14
albert,14,0,14
wash,14,0,14
mindset,14,0,14
aiai,14,0,14
krawczyk,14,0,14
tough,14,0,14
1973,14,0,14
unexpectedly,14,0,14
standardize,14,0,14
pen,14,0,14
satisfy,13,1,14
sasaia,14,0,14
aingdom,14,0,14
abundance,14,0,14
college,14,0,14
territory,14,0,14
shy,14,0,14
le,14,0,14
illuminate,14,0,14
et,14,0,14
dive,14,0,14
saarland,14,0,14
irony,13,1,14
monopoly,14,0,14
apprenticeship,14,0,14
integral,14,0,14
broadcom,13,1,14
mehdi,14,0,14
lag,13,1,14
1950,14,0,14
ghz,14,0,14
rocket,14,0,14
nick,13,1,14
u,14,0,14
educator,14,0,14
bake,14,0,14
ironic,14,0,14
grandmother,14,0,14
earthquake,13,1,14
technician,14,0,14
grammatical,14,0,14
intimate,14,0,14
shower,14,0,14
metropolis,14,0,14
dramatically,14,0,14
delicate,14,0,14
drawing,14,0,14
83,13,1,14
instruct,14,0,14
indirect,14,0,14
sugar,14,0,14
jackson,13,1,14
st,14,0,14
banal,14,0,14
microchip,14,0,14
poverty,14,0,14
mount,14,0,14
brit,14,0,14
boat,14,0,14
inhibition,14,0,14
ap,14,0,14
injection,14,0,14
elementary,14,0,14
widely,14,0,14
getty,14,0,14
rrup,14,0,14
teleschau,14,0,14
artifact,14,0,14
stranger,14,0,14
plenty,14,0,14
elect,14,0,14
elbphilharmonie,14,0,14
transmission,14,0,14
lane,14,0,14
stratego,12,2,14
evolution,14,0,14
cooperative,14,0,14
330,13,1,14
h100,14,0,14
hug,14,0,14
firmly,14,0,14
ftc,14,0,14
malware,14,0,14
circulation,14,0,14
mystery,14,0,14
1984,14,0,14
networaing,14,0,14
krmer,14,0,14
brad,13,1,14
dinner,14,0,14
nowadays,14,0,14
kate,13,1,14
logically,14,0,14
leipzig,14,0,14
hitler,14,0,14
afghanistan,14,0,14
extraterrestrial,13,1,14
frankfurter,14,0,14
swedish,14,0,14
falsify,14,0,14
hartmann,14,0,14
17th,14,0,14
bcg,13,1,14
beach,14,0,14
pink,14,0,14
feminist,13,1,14
felix,14,0,14
magnet,14,0,14
spacex,14,0,14
chart,14,0,14
smartwatch,13,1,14
awards,12,2,14
slogan,14,0,14
wang,14,0,14
bottleneck,14,0,14
kaili,14,0,14
hell,14,0,14
kronauer,14,0,14
atmosphere,14,0,14
alive,14,0,14
nonsensical,14,0,14
farm,13,1,14
compress,14,0,14
skeptic,14,0,14
manuel,14,0,14
rental,14,0,14
synthesize,14,0,14
password,14,0,14
dgb,13,1,14
leibniz,14,0,14
foster,14,0,14
likewise,14,0,14
reflection,14,0,14
exhibit,14,0,14
disappointed,14,0,14
forrest,14,0,14
disclosure,14,0,14
municipal,13,1,14
bienert,14,0,14
causality,14,0,14
refik,14,0,14
hther,14,0,14
67,14,0,14
toronto,14,0,14
huawei,13,1,14
conversion,14,0,14
mining,14,0,14
margin,14,0,14
fraudulent,13,1,14
hannah,13,1,14
exponentially,14,0,14
julian,14,0,14
jule,14,0,14
whenever,14,0,14
debt,14,0,14
underlying,14,0,14
pet,14,0,14
wagner,14,0,14
journey,14,0,14
nutrition,14,0,14
marc,14,0,14
tongue,14,0,14
whatever,14,0,14
snap,14,0,14
centimeter,14,0,14
donate,13,0,13
ml,13,0,13
punch,13,0,13
bmw,13,0,13
retreat,13,0,13
panorama,11,2,13
karpi,13,0,13
kaufland,13,0,13
devastating,13,0,13
swifty,13,0,13
tricky,13,0,13
developed,12,1,13
symbolic,13,0,13
sweat,13,0,13
suffering,13,0,13
supreme,13,0,13
norm,13,0,13
superiority,13,0,13
disruptive,13,0,13
kultur,1,12,13
symphony,13,0,13
psyche,13,0,13
subordinate,13,0,13
klima,13,0,13
directive,13,0,13
tape,12,1,13
kremp,13,0,13
rigid,13,0,13
breton,13,0,13
minded,13,0,13
rid,13,0,13
destruction,13,0,13
responsibly,13,0,13
minimally,13,0,13
kuenstliche,13,0,13
mint,12,1,13
del,13,0,13
defensive,13,0,13
misconception,13,0,13
booaing,12,1,13
digitalverband,13,0,13
rob,13,0,13
rndde,13,0,13
l,13,0,13
bourgeois,13,0,13
survivor,12,1,13
populist,13,0,13
justification,13,0,13
jacobs,13,0,13
rename,13,0,13
brigade,13,0,13
distract,13,0,13
pouplier,13,0,13
brush,13,0,13
governance,13,0,13
drown,12,1,13
pile,13,0,13
flexibility,13,0,13
fleischmann,13,0,13
completion,13,0,13
flee,13,0,13
cheng,13,0,13
flagship,12,1,13
lurk,13,0,13
hatred,13,0,13
fighter,13,0,13
premise,13,0,13
tired,13,0,13
ratio,13,0,13
heaven,13,0,13
fascism,13,0,13
luck,13,0,13
lengthy,13,0,13
screenplay,13,0,13
scott,13,0,13
species,13,0,13
confused,13,0,13
overload,13,0,13
heygen,13,0,13
hidden,13,0,13
malignant,13,0,13
sphere,13,0,13
schott,13,0,13
schnke,13,0,13
tokyo,13,0,13
pirate,13,0,13
tikkok,13,0,13
cybercrime,13,0,13
occupation,13,0,13
closeness,13,0,13
grand,13,0,13
listening,13,0,13
cleverly,13,0,13
graphcast,12,1,13
clerk,13,0,13
shade,13,0,13
gesture,13,0,13
greece,13,0,13
sexism,13,0,13
severe,13,0,13
gen,12,1,13
linguist,13,0,13
gt,13,0,13
nail,13,0,13
gary,13,0,13
llms,13,0,13
sincerely,13,0,13
sink,13,0,13
commander,13,0,13
thrust,13,0,13
frustration,13,0,13
lifestyle,13,0,13
optimist,13,0,13
lord,13,0,13
lover,13,0,13
forefront,13,0,13
soccer,13,0,13
extensively,13,0,13
holger,13,0,13
expulsion,13,0,13
elephant,13,0,13
polish,13,0,13
tenant,13,0,13
encrypt,13,0,13
temptation,13,0,13
crawford,12,1,13
infection,13,0,13
empire,13,0,13
emphasis,13,0,13
runner,13,0,13
stitch,13,0,13
cream,13,0,13
emma,13,0,13
elicit,13,0,13
electrode,13,0,13
spontaneously,13,0,13
lamp,13,0,13
burchardt,13,0,13
crungus,12,1,13
remedy,13,0,13
ladegaillerei,13,0,13
meidinger,12,1,13
trap,13,0,13
bullwinkel,13,0,13
cube,13,0,13
morality,13,0,13
tremendous,13,0,13
projector,12,1,13
rohrbach,13,0,13
questionnaire,13,0,13
sacrifice,13,0,13
enthusiastically,13,0,13
entrepreneurship,13,0,13
tonality,13,0,13
homburg,13,0,13
constructive,13,0,13
spotlight,13,0,13
marathon,13,0,13
overtake,12,1,13
petition,13,0,13
probable,13,0,13
multiple,13,0,13
housework,12,1,13
radiologist,13,0,13
markotten,13,0,13
examiner,13,0,13
scanner,11,2,13
marriage,13,0,13
carpet,13,0,13
hungry,13,0,13
husband,13,0,13
hustle,13,0,13
owe,13,0,13
stanley,13,0,13
tournament,13,0,13
procurement,13,0,13
thorn,13,0,13
ernst,13,0,13
imago,13,0,13
matt,13,0,13
physically,13,0,13
0,13,0,13
apparent,13,0,13
160000,13,0,13
valentin,13,0,13
writers,13,0,13
athlete,13,0,13
anthony,13,0,13
andy,13,0,13
73,13,0,13
72,13,0,13
versatile,13,0,13
accountant,13,0,13
basement,13,0,13
analogy,13,0,13
wooden,13,0,13
automated,13,0,13
bible,13,0,13
underway,13,0,13
andrew,13,0,13
attachment,13,0,13
2012,13,0,13
youcom,13,0,13
unreliable,13,0,13
yield,13,0,13
welle,13,0,13
abstraction,13,0,13
arrangement,13,0,13
absence,13,0,13
utopia,13,0,13
82,12,1,13
ars,13,0,13
beguir,13,0,13
aw,13,0,13
awaken,13,0,13
utilization,13,0,13
abnormality,13,0,13
blade,13,0,13
attacker,13,0,13
350,13,0,13
vital,13,0,13
acoustic,13,0,13
assist,13,0,13
applause,13,0,13
volunteer,13,0,13
baker,13,0,13
ventures,13,0,13
ambassador,13,0,13
workload,13,0,13
unprecedented,13,0,13
bacteria,13,0,13
bitter,13,0,13
affected,13,0,13
6a,12,1,13
6th,12,1,13
64,13,0,13
benz,13,0,13
2026,13,0,13
laureate,11,1,12
melt,11,1,12
genius,12,0,12
insect,12,0,12
neighborhood,12,0,12
spare,12,0,12
stuck,12,0,12
nowotny,11,1,12
thereby,12,0,12
optical,12,0,12
tick,12,0,12
instadeep,11,1,12
credibility,12,0,12
python,12,0,12
marketplace,12,0,12
related,12,0,12
koennen,12,0,12
sovereign,12,0,12
electronics,12,0,12
duo,12,0,12
peculiarity,12,0,12
breed,12,0,12
ghost,12,0,12
creatively,12,0,12
seeker,12,0,12
2009,12,0,12
pedestrian,12,0,12
pokmon,12,0,12
91,12,0,12
removal,12,0,12
renew,12,0,12
synchronize,12,0,12
committed,12,0,12
1989,12,0,12
effectiveness,12,0,12
augustus,11,1,12
nerd,12,0,12
telecommunications,12,0,12
chronic,11,1,12
ego,12,0,12
poland,12,0,12
lady,12,0,12
beginner,11,1,12
commercialization,12,0,12
georg,12,0,12
formulated,12,0,12
russell,12,0,12
crew,12,0,12
snapshot,12,0,12
nadine,12,0,12
verification,12,0,12
injustice,12,0,12
continent,12,0,12
ben,12,0,12
cage,11,1,12
planner,12,0,12
sensational,12,0,12
remains,12,0,12
sensitivity,12,0,12
jugend,12,0,12
surely,12,0,12
algorithmwatch,12,0,12
diversification,12,0,12
goebel,12,0,12
mathematics,12,0,12
jared,12,0,12
obsolete,12,0,12
godfather,12,0,12
dna,12,0,12
disappointment,12,0,12
pong,12,0,12
k,12,0,12
dock,12,0,12
bare,12,0,12
broker,12,0,12
broken,12,0,12
correlation,12,0,12
goldman,12,0,12
discounter,12,0,12
banaing,12,0,12
voss,12,0,12
jochen,12,0,12
soil,12,0,12
alexandra,12,0,12
jonathan,12,0,12
morgan,12,0,12
trendy,12,0,12
phishing,12,0,12
joan,12,0,12
68,12,0,12
jet,12,0,12
maximilians,12,0,12
pause,12,0,12
sofia,12,0,12
odyssey,12,0,12
sheer,12,0,12
coexistence,12,0,12
jean,12,0,12
unsuccessful,12,0,12
docs,12,0,12
thin,12,0,12
uncontrollable,12,0,12
thinker,12,0,12
rachelle,12,0,12
ron,12,0,12
tight,12,0,12
guitar,12,0,12
geneva,12,0,12
welzel,12,0,12
racket,12,0,12
coast,12,0,12
klitschko,11,1,12
fifteen,12,0,12
triumphal,12,0,12
gut,11,1,12
bustle,12,0,12
rose,12,0,12
youtuber,12,0,12
armed,12,0,12
swarm,12,0,12
popovici,12,0,12
invasion,12,0,12
atom,11,1,12
barely,12,0,12
disagreement,12,0,12
grind,12,0,12
disadvantaged,12,0,12
asylum,12,0,12
tina,12,0,12
59,12,0,12
keeper,12,0,12
unesco,11,1,12
aiand,12,0,12
grter,12,0,12
kenya,12,0,12
burda,12,0,12
arthur,12,0,12
colombia,12,0,12
tinker,12,0,12
socher,12,0,12
polyp,12,0,12
accent,12,0,12
loyalty,12,0,12
se,12,0,12
hop,12,0,12
carrie,12,0,12
claudia,12,0,12
andr,12,0,12
frog,11,1,12
pour,12,0,12
unintentional,12,0,12
causal,12,0,12
schweiger,12,0,12
precht,11,1,12
axis,12,0,12
automobile,12,0,12
frightening,12,0,12
liam,12,0,12
silver,12,0,12
antenna,12,0,12
spoil,12,0,12
expenditure,12,0,12
enrich,12,0,12
carbon,12,0,12
impend,12,0,12
mutual,12,0,12
sinemus,12,0,12
turning,12,0,12
oppenheimer,12,0,12
explanability,12,0,12
darling,12,0,12
deadline,12,0,12
lockdown,12,0,12
scroll,12,0,12
analogous,12,0,12
condemn,11,1,12
reception,12,0,12
slide,12,0,12
santa,11,1,12
linden,12,0,12
amodei,12,0,12
curate,12,0,12
eva,12,0,12
linear,12,0,12
connected,12,0,12
eve,12,0,12
milk,12,0,12
anonymization,12,0,12
meyer,12,0,12
decrypt,11,1,12
default,12,0,12
recycling,12,0,12
lies,11,1,12
stowasser,12,0,12
lensa,12,0,12
idbuzz,12,0,12
furniture,12,0,12
historically,12,0,12
composer,12,0,12
exposure,12,0,12
sachs,12,0,12
yellow,12,0,12
hendrik,12,0,12
cast,12,0,12
vo,12,0,12
2023the,12,0,12
opengpt,12,0,12
merger,12,0,12
120,12,0,12
unlocked,12,0,12
readable,12,0,12
40000,12,0,12
oslo,12,0,12
density,12,0,12
ailogram,12,0,12
torsten,12,0,12
schtze,12,0,12
2027,12,0,12
confess,12,0,12
falsification,12,0,12
torture,12,0,12
futurism,12,0,12
daimler,12,0,12
vacancy,12,0,12
stochastic,12,0,12
inc,12,0,12
facade,12,0,12
gag,12,0,12
zoo,12,0,12
schmidhuber,12,0,12
blueprint,12,0,12
scorer,12,0,12
variable,12,0,12
anxiety,12,0,12
fahimi,12,0,12
emotionally,12,0,12
furthermore,12,0,12
advisable,12,0,12
delight,12,0,12
smarthome,12,0,12
excess,12,0,12
dan,12,0,12
grip,11,0,11
tolerate,11,0,11
cheating,10,1,11
irish,11,0,11
corpus,11,0,11
finfarent,11,0,11
collien,11,0,11
amy,11,0,11
anecdote,11,0,11
ipad,11,0,11
grizzly,11,0,11
herald,11,0,11
accumulation,11,0,11
speculation,11,0,11
hesitation,11,0,11
dojo,11,0,11
vary,11,0,11
ward,10,1,11
morally,11,0,11
69,11,0,11
disruption,11,0,11
parliamentarian,11,0,11
tools,11,0,11
jews,11,0,11
unwanted,11,0,11
flesh,10,1,11
grandchild,10,1,11
execution,11,0,11
themen,11,0,11
compulsory,11,0,11
comprehensively,11,0,11
schmid,11,0,11
yuval,11,0,11
islam,10,1,11
robbie,8,3,11
isolate,11,0,11
grimes,10,1,11
schaake,10,1,11
schaeffler,11,0,11
concise,11,0,11
warmth,11,0,11
71,11,0,11
parody,10,1,11
correspondent,11,0,11
beatles,11,0,11
700000,11,0,11
admire,11,0,11
jam,11,0,11
holy,11,0,11
objection,11,0,11
anke,11,0,11
monotonous,11,0,11
invoice,11,0,11
toxic,11,0,11
endure,11,0,11
ruler,11,0,11
eeg,11,0,11
paralyzed,11,0,11
fascist,11,0,11
educate,11,0,11
usmle,11,0,11
anticipate,11,0,11
pulse,11,0,11
meme,11,0,11
charit,11,0,11
commentator,10,1,11
ute,11,0,11
coming,11,0,11
structured,11,0,11
melody,11,0,11
transcribe,11,0,11
insane,11,0,11
pessimistic,11,0,11
bay,11,0,11
improved,11,0,11
venice,11,0,11
constitution,11,0,11
continental,11,0,11
industrialization,11,0,11
weber,11,0,11
hassabis,11,0,11
contest,11,0,11
indiana,11,0,11
embarrassing,11,0,11
northern,11,0,11
hartung,10,1,11
spice,11,0,11
mentally,11,0,11
haverkamp,11,0,11
haus,11,0,11
ein,11,0,11
inferior,11,0,11
jog,11,0,11
emily,11,0,11
eighty,11,0,11
neri,11,0,11
continuous,11,0,11
inflection,11,0,11
extremist,11,0,11
studios,11,0,11
advent,11,0,11
certify,11,0,11
h,11,0,11
hellenbrecht,11,0,11
sponsor,11,0,11
2022the,11,0,11
welt,10,1,11
gun,11,0,11
chatopenaicom,11,0,11
bhler,11,0,11
beck,11,0,11
cartoon,11,0,11
intern,11,0,11
19th,11,0,11
guido,11,0,11
scream,11,0,11
intuition,11,0,11
admittedly,11,0,11
became,11,0,11
inventory,11,0,11
songwriter,11,0,11
mike,11,0,11
welfare,11,0,11
extract,11,0,11
advantageous,11,0,11
southern,11,0,11
port,11,0,11
images,11,0,11
nrw,11,0,11
comeback,11,0,11
semitism,10,1,11
alphago,11,0,11
chase,10,1,11
halve,11,0,11
steering,11,0,11
adorno,11,0,11
heinrich,11,0,11
weird,11,0,11
carl,11,0,11
intelligently,11,0,11
hal,11,0,11
originality,11,0,11
mega,11,0,11
interdisciplinary,11,0,11
submission,11,0,11
hagen,11,0,11
privileged,11,0,11
beard,11,0,11
layperson,11,0,11
bonus,11,0,11
dig,11,0,11
tui,9,2,11
shit,11,0,11
bloom,11,0,11
krger,11,0,11
deceased,11,0,11
cox,11,0,11
detective,10,1,11
sleeeve,11,0,11
citylab,10,1,11
blatant,11,0,11
xi,11,0,11
culminate,11,0,11
democratize,11,0,11
choir,11,0,11
thoroughly,11,0,11
preventive,11,0,11
lobby,11,0,11
uncomfortable,11,0,11
socio,11,0,11
dirty,9,2,11
thrive,11,0,11
130,11,0,11
dilemma,11,0,11
loose,11,0,11
benjamin,11,0,11
mushroom,11,0,11
kuzushiji,10,1,11
marco,11,0,11
kurt,10,1,11
retrospect,11,0,11
wie,11,0,11
brandis,11,0,11
maneuver,11,0,11
motifs,11,0,11
multiply,11,0,11
detour,11,0,11
bliedung,11,0,11
aiif,11,0,11
gebru,11,0,11
breathing,11,0,11
ziegler,11,0,11
lighthouse,11,0,11
slope,11,0,11
witsch,11,0,11
audiobook,11,0,11
resentment,11,0,11
diary,11,0,11
cnn,11,0,11
devoted,11,0,11
ct,11,0,11
refine,11,0,11
christ,11,0,11
defect,11,0,11
defective,11,0,11
110,11,0,11
ballon,11,0,11
resign,11,0,11
delegation,11,0,11
dementia,11,0,11
4th,11,0,11
christina,11,0,11
mainstream,11,0,11
trustworthiness,11,0,11
aviation,11,0,11
lek,11,0,11
rap,11,0,11
coal,11,0,11
knee,11,0,11
poet,11,0,11
cnbc,11,0,11
clearview,11,0,11
limitless,11,0,11
limitation,11,0,11
targeted,11,0,11
bert,11,0,11
gaza,11,0,11
astronaut,11,0,11
46,11,0,11
quit,11,0,11
aira,11,0,11
lauterbach,11,0,11
loyal,11,0,11
surgeon,11,0,11
syndrome,11,0,11
leather,11,0,11
dengel,11,0,11
lure,11,0,11
galloway,11,0,11
dermatologist,11,0,11
sharpen,11,0,11
reluctance,11,0,11
franz,11,0,11
3rd,11,0,11
winfried,11,0,11
n,11,0,11
unproblematic,11,0,11
bend,11,0,11
snack,11,0,11
61,11,0,11
relax,10,1,11
aiepenheuer,11,0,11
gallagher,11,0,11
playstation,11,0,11
uncanny,11,0,11
dalle,11,0,11
alena,11,0,11
160,11,0,11
smoothly,11,0,11
bench,11,0,11
lazy,11,0,11
bertelsmann,10,1,11
clause,10,1,11
ram,11,0,11
sociology,11,0,11
opposition,11,0,11
rejection,11,0,11
quota,11,0,11
revive,10,1,11
visually,11,0,11
wintergerst,11,0,11
optic,11,0,11
aldi,11,0,11
bjrn,11,0,11
clarity,11,0,11
flourish,11,0,11
benchmark,11,0,11
plea,11,0,11
kahneman,11,0,11
matthes,11,0,11
rear,11,0,11
bronner,11,0,11
auxiliary,10,0,10
printing,10,0,10
tsp,10,0,10
exuberant,10,0,10
inconspicuous,10,0,10
netdragon,10,0,10
immigrant,10,0,10
advertiser,10,0,10
embody,10,0,10
tourist,10,0,10
incumbent,10,0,10
enlightenment,10,0,10
sabine,10,0,10
denmark,9,1,10
silicone,10,0,10
imdb,10,0,10
mysterious,9,1,10
engelmeier,10,0,10
potter,10,0,10
punishable,10,0,10
39,10,0,10
frederiksen,9,1,10
seattle,10,0,10
saidze,10,0,10
cap,10,0,10
consortium,10,0,10
posture,10,0,10
nolan,10,0,10
weakening,10,0,10
emmett,10,0,10
hazard,10,0,10
empirical,10,0,10
signature,10,0,10
gener,10,0,10
weaknesse,10,0,10
fairness,10,0,10
championship,10,0,10
automatable,10,0,10
captain,9,1,10
spirituality,10,0,10
pitch,10,0,10
wealthy,10,0,10
passport,10,0,10
syringe,10,0,10
incomplete,10,0,10
anton,10,0,10
procedural,10,0,10
headphone,10,0,10
undesirable,10,0,10
1940,10,0,10
petrol,10,0,10
preferred,10,0,10
demis,10,0,10
wu,10,0,10
entrust,10,0,10
exaggerate,10,0,10
analytics,10,0,10
tunnel,10,0,10
complicate,10,0,10
schller,10,0,10
homeland,10,0,10
underneath,10,0,10
exaggeration,10,0,10
gamble,10,0,10
babelsberg,10,0,10
honesty,10,0,10
newsguard,10,0,10
holly,10,0,10
schiller,10,0,10
catholic,10,0,10
singularity,10,0,10
loudly,10,0,10
schfer,10,0,10
herr,10,0,10
herndon,10,0,10
uninterested,10,0,10
explicit,10,0,10
loosen,10,0,10
daniela,10,0,10
lucky,10,0,10
wonderfully,10,0,10
classified,10,0,10
futurium,10,0,10
25th,10,0,10
computational,10,0,10
schrter,10,0,10
highway,10,0,10
hintemann,10,0,10
da,10,0,10
schoolchildren,10,0,10
celebration,10,0,10
addiction,10,0,10
excursion,10,0,10
proximity,10,0,10
schnberger,9,1,10
lung,10,0,10
hoffman,10,0,10
lund,10,0,10
op,10,0,10
bidge,9,1,10
schulze,10,0,10
bid,10,0,10
zerr,10,0,10
12000,9,1,10
davos,10,0,10
slave,10,0,10
blogger,10,0,10
uwe,10,0,10
simultaneous,10,0,10
satire,9,1,10
ian,10,0,10
recruitment,10,0,10
confusing,10,0,10
dedicate,9,1,10
boomer,10,0,10
walter,9,1,10
outbreak,10,0,10
abusive,10,0,10
musks,8,2,10
amsterdam,10,0,10
erik,10,0,10
stcker,9,1,10
equality,10,0,10
avianca,10,0,10
frth,10,0,10
ignorance,10,0,10
lighting,10,0,10
bge,10,0,10
salvation,10,0,10
steiger,10,0,10
recreate,9,1,10
essence,10,0,10
civilian,10,0,10
wolfsburg,9,1,10
missing,9,1,10
recession,10,0,10
aci,10,0,10
conditioning,10,0,10
wombo,9,1,10
umbrella,10,0,10
dealing,10,0,10
dean,10,0,10
thrones,10,0,10
2nd,10,0,10
reconcile,10,0,10
decode,10,0,10
vader,9,1,10
stargate,9,1,10
stark,9,1,10
starnberg,3,7,10
accommodation,9,1,10
accommodate,10,0,10
garman,10,0,10
rapporteur,10,0,10
configuration,10,0,10
wan,9,1,10
wlken,10,0,10
grief,10,0,10
ufo,10,0,10
dotty,10,0,10
thirdly,10,0,10
arrogance,10,0,10
interwoven,10,0,10
popularity,10,0,10
footballer,10,0,10
klammer,10,0,10
restore,10,0,10
testify,10,0,10
diesel,10,0,10
socialist,10,0,10
invasive,10,0,10
nutritional,10,0,10
albrecht,10,0,10
motor,10,0,10
motive,10,0,10
allgemeine,10,0,10
medal,10,0,10
sudden,10,0,10
76,10,0,10
kepler,10,0,10
unfinished,10,0,10
kelly,10,0,10
upside,10,0,10
shoulder,10,0,10
resonance,10,0,10
substitution,10,0,10
qatar,10,0,10
knock,10,0,10
columbia,10,0,10
unfounded,10,0,10
unfortunate,10,0,10
gigabyte,10,0,10
interestingly,10,0,10
butter,10,0,10
fiber,10,0,10
offset,10,0,10
offline,10,0,10
resilient,10,0,10
diagram,10,0,10
unequal,10,0,10
driverless,10,0,10
mediocre,10,0,10
uncommon,10,0,10
resolve,10,0,10
ally,10,0,10
drill,10,0,10
elphi,7,3,10
mechanically,9,1,10
folk,10,0,10
kaust,10,0,10
600000,10,0,10
greenhouse,10,0,10
djv,10,0,10
fishing,10,0,10
2004,10,0,10
occupational,10,0,10
unusually,10,0,10
judith,10,0,10
typically,10,0,10
ringo,10,0,10
grandson,10,0,10
matrix,10,0,10
thiel,10,0,10
joule,9,1,10
josh,10,0,10
gran,9,1,10
jinping,10,0,10
alexeev,9,1,10
jordan,10,0,10
66,10,0,10
grain,10,0,10
assemble,10,0,10
unsuitable,10,0,10
terribly,9,1,10
allen,10,0,10
justifiable,10,0,10
artists,10,0,10
katrin,10,0,10
blackmail,10,0,10
reuter,10,0,10
fingerprint,10,0,10
glow,10,0,10
isin,10,0,10
persecution,10,0,10
kann,10,0,10
collector,10,0,10
bullshit,10,0,10
pan,10,0,10
gnther,10,0,10
meadow,10,0,10
tent,10,0,10
quantify,10,0,10
kaack,10,0,10
piazolo,10,0,10
bankruptcy,10,0,10
greta,10,0,10
quasi,10,0,10
intentionally,10,0,10
substantial,10,0,10
sympathy,10,0,10
normally,10,0,10
membership,10,0,10
tel,10,0,10
controversy,10,0,10
mri,10,0,10
brazil,10,0,10
websoft,10,0,10
straw,10,0,10
pwc,10,0,10
ecb,9,1,10
norway,10,0,10
inexpensive,10,0,10
geuter,10,0,10
representatives,10,0,10
gentle,10,0,10
inspection,10,0,10
trans,9,1,10
repetitive,10,0,10
aiwe,10,0,10
optimus,9,1,10
modest,10,0,10
sideline,10,0,10
striaing,10,0,10
remini,9,1,10
despair,8,2,10
contractual,10,0,10
clown,10,0,10
seinfeld,9,1,10
94,10,0,10
chrome,10,0,10
usain,10,0,10
kristian,10,0,10
telecommunication,10,0,10
unhappy,10,0,10
ruth,10,0,10
negatively,10,0,10
w,10,0,10
deviation,10,0,10
weighting,10,0,10
zllner,10,0,10
devil,10,0,10
cooaie,10,0,10
familiarize,10,0,10
numerical,9,1,10
tegmark,10,0,10
duration,10,0,10
125,10,0,10
disk,9,1,10
sender,10,0,10
bracher,10,0,10
bernd,10,0,10
lawn,10,0,10
ailo,10,0,10
insure,10,0,10
wiesbaden,9,1,10
blindly,10,0,10
gpus,9,0,9
farewell,9,0,9
spray,9,0,9
algorithms,8,1,9
sock,9,0,9
airchentag,8,1,9
ambiguity,9,0,9
ancestor,9,0,9
hike,9,0,9
verdi,9,0,9
visibility,9,0,9
misery,9,0,9
altmann,6,3,9
amateur,9,0,9
veteran,9,0,9
forty,9,0,9
greet,9,0,9
hewlett,8,1,9
aick,9,0,9
proprietary,9,0,9
programs,9,0,9
verbal,9,0,9
timnit,9,0,9
aithey,9,0,9
vc,9,0,9
benno,9,0,9
cola,9,0,9
hansen,9,0,9
gadget,9,0,9
shell,9,0,9
snake,9,0,9
tony,9,0,9
collar,9,0,9
governmental,9,0,9
unanswered,9,0,9
paraing,9,0,9
pillar,9,0,9
bertie,8,1,9
vor,9,0,9
mobileye,9,0,9
neuroscience,9,0,9
flare,9,0,9
gram,9,0,9
explainable,9,0,9
foresee,9,0,9
facture,9,0,9
nancy,9,0,9
forbes,9,0,9
preservation,9,0,9
simultaneously,9,0,9
girlfriend,9,0,9
semi,9,0,9
vector,9,0,9
christiane,9,0,9
berliner,9,0,9
thunberg,9,0,9
spontaneous,9,0,9
separately,9,0,9
frighten,9,0,9
1997,9,0,9
clickworker,8,1,9
toilet,9,0,9
guilty,9,0,9
extraction,9,0,9
slovenia,9,0,9
adorn,9,0,9
simplicity,9,0,9
movie,9,0,9
sensitize,9,0,9
propagate,9,0,9
mitchell,9,0,9
slim,9,0,9
pacific,9,0,9
spoiler,9,0,9
pantopia,9,0,9
hectare,9,0,9
fever,9,0,9
soberly,9,0,9
1995,9,0,9
shimmer,9,0,9
pregnant,9,0,9
fortune,9,0,9
glue,9,0,9
sci,9,0,9
overflow,9,0,9
vitali,8,1,9
adm,9,0,9
yarrow,9,0,9
ameca,8,1,9
seventh,9,0,9
ammicht,8,1,9
gerhard,9,0,9
groundbreake,9,0,9
administrator,9,0,9
yasmin,9,0,9
herbert,9,0,9
motorway,9,0,9
fax,8,1,9
overtaken,9,0,9
packard,8,1,9
complementary,9,0,9
vietnam,9,0,9
packaging,9,0,9
guetta,9,0,9
guidance,9,0,9
snippet,9,0,9
formative,9,0,9
pride,9,0,9
formally,9,0,9
scout,9,0,9
snoop,9,0,9
phishe,9,0,9
generic,9,0,9
schuble,9,0,9
resort,9,0,9
barack,9,0,9
joseph,9,0,9
josef,9,0,9
supervise,9,0,9
brutal,9,0,9
matthew,9,0,9
assignment,9,0,9
bryan,8,1,9
questioner,9,0,9
disposal,9,0,9
barbara,9,0,9
superhuman,8,1,9
jger,9,0,9
rilke,9,0,9
jens,9,0,9
jennifer,9,0,9
jen,9,0,9
cosmos,9,0,9
diversify,9,0,9
wharton,9,0,9
associated,9,0,9
bruce,9,0,9
suspiciously,9,0,9
sweden,9,0,9
marston,9,0,9
craftsman,9,0,9
zur,9,0,9
attractiveness,9,0,9
bang,9,0,9
trilogy,9,0,9
unsettle,9,0,9
dirt,9,0,9
terawatt,9,0,9
blackbox,9,0,9
courageous,9,0,9
tensor,9,0,9
brought,9,0,9
quinn,8,1,9
surf,9,0,9
mathias,9,0,9
rhythm,9,0,9
aside,9,0,9
5,9,0,9
jargon,9,0,9
interruption,9,0,9
suck,8,1,9
cornerstone,9,0,9
wrongly,9,0,9
inthe,9,0,9
drain,9,0,9
arrival,9,0,9
bury,9,0,9
oasis,9,0,9
arnold,9,0,9
doris,9,0,9
7th,9,0,9
intermediary,9,0,9
interference,9,0,9
weizenbaum,9,0,9
coordinated,9,0,9
drought,9,0,9
arizona,9,0,9
intensify,9,0,9
770,9,0,9
roller,9,0,9
zeitde,9,0,9
bundesbank,9,0,9
ash,9,0,9
dogg,9,0,9
meal,9,0,9
isolated,9,0,9
qualitative,9,0,9
suited,9,0,9
74,9,0,9
arts,9,0,9
suitability,9,0,9
dorfen,8,1,9
suicide,9,0,9
measurable,9,0,9
artistically,9,0,9
yu,9,0,9
domscheit,9,0,9
bargaining,9,0,9
iphones,9,0,9
dor,9,0,9
brian,9,0,9
worthy,9,0,9
intelligencie,9,0,9
swim,9,0,9
reconstruct,9,0,9
literal,9,0,9
mai,8,1,9
maia,8,1,9
mailbox,9,0,9
dedicated,9,0,9
redmi,9,0,9
blond,9,0,9
deduction,9,0,9
unmistakable,9,0,9
lidar,9,0,9
malicious,9,0,9
podcaster,9,0,9
malton,9,0,9
podium,9,0,9
bahr,9,0,9
mammal,9,0,9
deletion,8,1,9
ranaing,9,0,9
deceptive,9,0,9
culturally,9,0,9
loab,8,1,9
cushion,9,0,9
cycling,9,0,9
turnaround,9,0,9
macgilchrist,9,0,9
czech,9,0,9
uniqueness,9,0,9
rattle,9,0,9
playing,9,0,9
playlist,9,0,9
tasteless,9,0,9
lobbyist,9,0,9
realization,9,0,9
bodied,9,0,9
plead,8,1,9
madrid,9,0,9
dario,9,0,9
plugin,9,0,9
2500,9,0,9
locked,9,0,9
bain,8,1,9
democratically,9,0,9
demonize,9,0,9
reproduction,9,0,9
unhealthy,9,0,9
worsen,9,0,9
augment,9,0,9
replaceable,9,0,9
polarize,9,0,9
devalue,9,0,9
kramer,8,1,9
radiology,9,0,9
pole,9,0,9
kuenstlich,9,0,9
tron,9,0,9
kong,9,0,9
deviate,9,0,9
koenig,9,0,9
breithut,9,0,9
offspring,9,0,9
residence,9,0,9
dfb,9,0,9
brantner,9,0,9
destructive,9,0,9
15th,9,0,9
poison,9,0,9
unimaginable,9,0,9
trying,9,0,9
wir,9,0,9
bllv,9,0,9
zvook,9,0,9
reinhard,9,0,9
400000,9,0,9
opt,9,0,9
lawrence,9,0,9
laboriously,9,0,9
wink,9,0,9
authoritarian,9,0,9
relativize,9,0,9
latin,9,0,9
depressive,9,0,9
450,8,1,9
desantis,9,0,9
wormgpt,8,1,9
rotate,9,0,9
organ,9,0,9
indian,9,0,9
messe,8,1,9
ethan,9,0,9
biggpt,8,1,9
abbou,9,0,9
hunter,9,0,9
sting,9,0,9
migrate,9,0,9
battlefield,9,0,9
confession,8,1,9
pot,9,0,9
inclusive,9,0,9
eminem,9,0,9
merit,8,1,9
privitera,9,0,9
meredith,7,2,9
pitfall,8,1,9
euphoric,8,1,9
scatter,9,0,9
used,9,0,9
identical,9,0,9
ryan,9,0,9
undisputed,9,0,9
biochemistry,9,0,9
particle,9,0,9
hotline,9,0,9
elderly,9,0,9
acquaintance,9,0,9
evenly,9,0,9
ultimate,9,0,9
millimeter,9,0,9
inadequacy,9,0,9
saxon,9,0,9
eventually,9,0,9
binary,9,0,9
erlangen,9,0,9
carnegie,9,0,9
iger,9,0,9
sapiens,9,0,9
esa,9,0,9
steep,9,0,9
anonymize,9,0,9
illner,9,0,9
uk,9,0,9
carefree,9,0,9
conscience,9,0,9
zu,9,0,9
cardiovascular,9,0,9
stem,9,0,9
annalena,7,2,9
michelle,8,1,9
pound,9,0,9
import,9,0,9
publica,8,1,9
steven,9,0,9
metaphor,9,0,9
undertaaing,9,0,9
esg,9,0,9
stat,9,0,9
sticker,9,0,9
consolation,9,0,9
hypothetical,9,0,9
nicola,9,0,9
saiing,9,0,9
calmly,9,0,9
apnea,9,0,9
varied,9,0,9
93,9,0,9
memorize,9,0,9
contradictory,9,0,9
honestly,9,0,9
topicality,9,0,9
stuart,9,0,9
exceptionally,9,0,9
pessimist,9,0,9
mina,9,0,9
cbs,9,0,9
urs,9,0,9
pflitsch,9,0,9
easter,9,0,9
holocaust,8,1,9
initiator,9,0,9
ed,9,0,9
arbitrary,9,0,9
wedge,9,0,9
cai,9,0,9
novelty,9,0,9
institutes,9,0,9
eco,8,1,9
informatic,9,0,9
textrobot,9,0,9
androidin,9,0,9
minus,9,0,9
hopeless,9,0,9
infinitely,9,0,9
instrumental,9,0,9
1969,9,0,9
exclusion,9,0,9
hong,9,0,9
schlamp,9,0,9
neumann,8,0,8
deployment,8,0,8
essen,8,0,8
augsberg,8,0,8
undergo,8,0,8
piltch,8,0,8
skull,8,0,8
andersen,8,0,8
outdated,8,0,8
aus,8,0,8
denote,8,0,8
taskforce,8,0,8
vehemently,8,0,8
angular,8,0,8
exemplary,8,0,8
esposito,8,0,8
daly,8,0,8
excellently,8,0,8
excuse,7,1,8
crocodile,8,0,8
synchronization,8,0,8
classifie,8,0,8
optimally,8,0,8
dad,8,0,8
custom,8,0,8
privilege,8,0,8
anne,8,0,8
clouds,8,0,8
135,8,0,8
unite,7,1,8
playground,8,0,8
fuchs,8,0,8
bacteriophage,8,0,8
11000,8,0,8
defendant,8,0,8
frida,6,2,8
aissinger,8,0,8
technologies,8,0,8
stain,8,0,8
omniscient,8,0,8
nft,8,0,8
tab,8,0,8
deficiency,7,1,8
vde,8,0,8
deepnash,8,0,8
funfact,8,0,8
andor,8,0,8
fruit,8,0,8
deepfkes,8,0,8
slimme,8,0,8
cleaning,8,0,8
stabilize,8,0,8
muslims,8,0,8
deduct,8,0,8
cuddle,8,0,8
slavery,7,1,8
angel,8,0,8
standardization,8,0,8
autopilot,8,0,8
analytical,8,0,8
vdr,8,0,8
outset,8,0,8
paaistan,8,0,8
frauke,6,2,8
sme,8,0,8
datev,8,0,8
frederike,8,0,8
systemic,8,0,8
sporty,8,0,8
davis,8,0,8
angle,8,0,8
dawn,8,0,8
freight,8,0,8
underrepresented,8,0,8
ted,8,0,8
tall,8,0,8
standstill,7,1,8
standing,8,0,8
clue,7,1,8
cooaing,8,0,8
deteriorate,8,0,8
presidium,8,0,8
alternatively,8,0,8
string,8,0,8
theresa,7,1,8
striegl,8,0,8
terror,8,0,8
effertz,8,0,8
notes,8,0,8
yudkowsky,8,0,8
specifie,8,0,8
corridor,8,0,8
finland,7,1,8
outweigh,8,0,8
overturn,8,0,8
premature,8,0,8
collateral,8,0,8
elbe,8,0,8
asimov,8,0,8
alice,8,0,8
presuppose,8,0,8
soll,8,0,8
ditch,8,0,8
superficial,8,0,8
unused,8,0,8
normative,8,0,8
nato,8,0,8
electromobility,8,0,8
verb,8,0,8
nemitz,8,0,8
arabic,8,0,8
syllable,8,0,8
notoriously,8,0,8
dual,8,0,8
urgency,8,0,8
versa,8,0,8
fehrlin,8,0,8
neck,7,1,8
sow,8,0,8
1998,8,0,8
dw,8,0,8
drones,6,2,8
stunt,8,0,8
subsidy,8,0,8
presenter,8,0,8
colored,8,0,8
stumble,8,0,8
upset,8,0,8
sophia,8,0,8
texts,8,0,8
negligent,8,0,8
youngster,8,0,8
allianz,7,1,8
subway,8,0,8
fazthe,8,0,8
1990s,8,0,8
usability,8,0,8
alleviate,7,1,8
donelan,7,1,8
suffocate,8,0,8
nervousness,8,0,8
costume,8,0,8
electron,8,0,8
disproportionately,8,0,8
digest,8,0,8
noble,8,0,8
attentive,8,0,8
swabian,8,0,8
cow,8,0,8
2005,8,0,8
font,8,0,8
diess,8,0,8
swear,8,0,8
sweater,8,0,8
unforeseen,8,0,8
politely,8,0,8
dictate,8,0,8
textile,7,1,8
diana,8,0,8
enigma,8,0,8
f13,8,0,8
neue,8,0,8
thirty,8,0,8
videos,7,1,8
powder,8,0,8
forge,7,1,8
devour,8,0,8
connoisseur,8,0,8
orb,8,0,8
sydney,8,0,8
eraser,8,0,8
node,8,0,8
facto,8,0,8
disadvantageous,8,0,8
fmg,8,0,8
flexibly,8,0,8
displeasure,8,0,8
unthinkable,8,0,8
2003,8,0,8
flores,8,0,8
octopus,8,0,8
elvis,8,0,8
florida,8,0,8
apek,8,0,8
posting,8,0,8
ambient,8,0,8
stomach,8,0,8
fobizz,8,0,8
sociologist,8,0,8
spider,8,0,8
thierry,8,0,8
terabyte,8,0,8
discount,7,1,8
discontinue,8,0,8
netopolic,8,0,8
thilo,8,0,8
plague,8,0,8
12c,8,0,8
disappoint,8,0,8
plaier,8,0,8
oertner,8,0,8
netzpolitikorg,8,0,8
macan,8,0,8
classical,8,0,8
motivated,8,0,8
bulli,8,0,8
qualtrics,8,0,8
mccann,8,0,8
agile,8,0,8
papal,6,2,8
hallucinating,8,0,8
queen,8,0,8
haley,8,0,8
bug,8,0,8
trek,8,0,8
buddy,8,0,8
vwn,8,0,8
jersey,8,0,8
westworld,8,0,8
vulnerability,8,0,8
jlich,8,0,8
monika,8,0,8
meaningfulness,8,0,8
charm,8,0,8
semafor,8,0,8
uber,8,0,8
waiter,8,0,8
harden,8,0,8
buschmann,8,0,8
par,8,0,8
biotech,8,0,8
bettina,8,0,8
burth,8,0,8
roman,8,0,8
irritate,8,0,8
rolling,8,0,8
2050,8,0,8
selipsky,8,0,8
selling,8,0,8
roland,8,0,8
750,8,0,8
irrational,8,0,8
maturity,8,0,8
richter,8,0,8
philologists,8,0,8
resist,8,0,8
kleinz,8,0,8
graf,8,0,8
gradual,8,0,8
gradient,8,0,8
grader,8,0,8
respected,8,0,8
kmk,8,0,8
resignation,8,0,8
briens,8,0,8
koch,8,0,8
researchers,8,0,8
pedagogical,8,0,8
breathtake,8,0,8
reputable,8,0,8
gniffke,8,0,8
50000,8,0,8
peaceful,8,0,8
chest,8,0,8
brsenverein,8,0,8
revolt,8,0,8
persistent,8,0,8
promoter,8,0,8
seriousness,8,0,8
junghan,8,0,8
groundbreaaing,8,0,8
materials,8,0,8
rewrite,8,0,8
kaiser,8,0,8
restrictive,8,0,8
quotation,8,0,8
broadcasting,8,0,8
gretchen,8,0,8
greek,8,0,8
keil,8,0,8
chemotherapy,8,0,8
grandma,6,2,8
patience,8,0,8
chaotic,8,0,8
800000,8,0,8
waymo,8,0,8
homo,8,0,8
impair,8,0,8
adaptive,8,0,8
hofmann,8,0,8
implication,8,0,8
mineral,8,0,8
schnitzer,8,0,8
schools,6,2,8
acute,8,0,8
hiroshima,8,0,8
passionate,8,0,8
abandon,8,0,8
aaro,8,0,8
hilpert,8,0,8
mesh,8,0,8
cannabis,8,0,8
honey,8,0,8
salman,8,0,8
proudly,8,0,8
achim,8,0,8
savvy,8,0,8
humanism,7,1,8
accountability,8,0,8
saueressig,8,0,8
mile,8,0,8
ulmen,8,0,8
iat,8,0,8
bifold,8,0,8
ilo,8,0,8
hsch,8,0,8
icon,8,0,8
pas,8,0,8
ifo,8,0,8
ig,8,0,8
igh,8,0,8
ill,8,0,8
ugly,8,0,8
tracker,8,0,8
paradise,7,1,8
headache,8,0,8
innocent,8,0,8
seamlessly,8,0,8
advertised,8,0,8
melanie,8,0,8
heal,8,0,8
champions,8,0,8
royalty,8,0,8
integrated,8,0,8
9000,8,0,8
integrity,8,0,8
815,8,0,8
hayek,8,0,8
mnster,8,0,8
haw,8,0,8
mobilize,8,0,8
biontech,8,0,8
8th,8,0,8
phenomena,8,0,8
wants,8,0,8
scold,8,0,8
merz,8,0,8
indigenous,8,0,8
industrialize,8,0,8
schwarzenegger,8,0,8
biblical,8,0,8
misjudgment,8,0,8
tragic,8,0,8
inflow,8,0,8
helene,8,0,8
mensch,7,1,8
mistral,8,0,8
running,8,0,8
wednesdays,8,0,8
helmut,8,0,8
heller,8,0,8
udacity,8,0,8
breakdown,8,0,8
hahn,8,0,8
mario,8,0,8
livelihood,8,0,8
legislature,8,0,8
thumb,8,0,8
pennsylvania,8,0,8
25000,8,0,8
wood,8,0,8
trunk,8,0,8
lost,8,0,8
lottery,8,0,8
gasser,8,0,8
getting,8,0,8
lousy,8,0,8
tuning,8,0,8
wimbledon,7,1,8
landlord,8,0,8
maddie,8,0,8
turbine,8,0,8
lambda,8,0,8
bluesky,8,0,8
gig,8,0,8
silverman,8,0,8
generous,8,0,8
proactively,8,0,8
plausibly,8,0,8
lifelong,8,0,8
lienkamp,8,0,8
gellinger,8,0,8
lightning,8,0,8
gemma,8,0,8
mugshot,8,0,8
limp,8,0,8
redeem,8,0,8
reflective,8,0,8
booklet,8,0,8
recorder,8,0,8
libin,8,0,8
tutoring,7,1,8
levy,8,0,8
liter,8,0,8
liu,8,0,8
cib,8,0,8
legitimize,8,0,8
30000,8,0,8
singe,8,0,8
sibling,7,1,8
pende,8,0,8
brave,8,0,8
turmoil,7,1,8
gamer,8,0,8
gaedt,8,0,8
shooting,8,0,8
gizmodo,8,0,8
clarification,8,0,8
braun,8,0,8
zimmermann,8,0,8
visualize,8,0,8
choke,8,0,8
gallium,8,0,8
reorganize,8,0,8
kubrick,8,0,8
gladiator,8,0,8
chomsky,8,0,8
bernhard,8,0,8
singing,8,0,8
notebook,7,0,7
strangely,7,0,7
inherent,7,0,7
locally,7,0,7
inhabitant,7,0,7
possession,7,0,7
udo,6,1,7
calibrate,7,0,7
onelinkto3226kh,7,0,7
possibilitie,7,0,7
noteworthy,7,0,7
cumbersome,7,0,7
strategist,7,0,7
cameron,7,0,7
bone,6,1,7
turtle,7,0,7
russians,7,0,7
bast,6,1,7
liverpool,7,0,7
rushdie,7,0,7
inheritance,7,0,7
backbone,7,0,7
bass,7,0,7
egypt,7,0,7
contour,7,0,7
decentralize,7,0,7
unmanned,7,0,7
espionage,7,0,7
arctic,7,0,7
18th,7,0,7
nicole,7,0,7
inspect,7,0,7
reef,7,0,7
eagerly,7,0,7
anime,7,0,7
roy,7,0,7
arena,7,0,7
institutional,7,0,7
bypass,7,0,7
nicolas,6,1,7
m87,7,0,7
confidentiality,7,0,7
meier,6,1,7
tactiq,7,0,7
33,7,0,7
convergence,7,0,7
th,7,0,7
cyclist,7,0,7
ar,7,0,7
thanks,7,0,7
memo,7,0,7
iaa,6,1,7
saturdays,7,0,7
notorious,7,0,7
900000,6,1,7
rudimentary,7,0,7
cady,7,0,7
1,7,0,7
wkn,7,0,7
wrzburg,7,0,7
teamwork,7,0,7
inquire,7,0,7
stubborn,7,0,7
biochemical,7,0,7
salt,7,0,7
elegantly,7,0,7
eren,7,0,7
salad,7,0,7
stephen,7,0,7
captivate,7,0,7
consequently,7,0,7
cvc,7,0,7
saip,7,0,7
erase,7,0,7
abi,6,1,7
bluff,7,0,7
underwater,7,0,7
curse,7,0,7
made,7,0,7
pumuckl,7,0,7
madeleine,7,0,7
noam,7,0,7
statworx,7,0,7
dangerously,7,0,7
custody,7,0,7
damit,7,0,7
utility,6,1,7
reagan,7,0,7
steingart,7,0,7
pipe,7,0,7
entity,7,0,7
billing,7,0,7
envy,7,0,7
epic,7,0,7
imaginary,7,0,7
watzinger,6,1,7
abortion,7,0,7
iii,7,0,7
pipeline,7,0,7
immerse,7,0,7
enslave,7,0,7
immortal,6,1,7
bluetooth,7,0,7
metall,7,0,7
mia,7,0,7
metadata,7,0,7
mergel,7,0,7
emeritus,7,0,7
nominate,7,0,7
osnabrck,6,1,7
tamagotchi,6,1,7
inconsistent,7,0,7
wearer,7,0,7
sabel,7,0,7
eloquence,7,0,7
bin,7,0,7
elongate,7,0,7
indonesia,7,0,7
apocalyptic,7,0,7
stove,7,0,7
cuneiform,7,0,7
elimination,7,0,7
campaigner,7,0,7
wondeur,7,0,7
plow,7,0,7
lvarez,7,0,7
plos,7,0,7
metabolism,7,0,7
empathetic,7,0,7
carolina,7,0,7
escalate,7,0,7
emojis,7,0,7
emoji,7,0,7
aaron,7,0,7
caroline,7,0,7
static,7,0,7
rebecca,7,0,7
traceability,7,0,7
zalando,7,0,7
loser,7,0,7
useless,7,0,7
stupidity,7,0,7
bat,7,0,7
drum,7,0,7
workspace,7,0,7
tactic,7,0,7
6000,7,0,7
justified,7,0,7
136,7,0,7
poisonous,7,0,7
truly,7,0,7
persia,6,1,7
lammers,7,0,7
woyzeck,7,0,7
remarkably,7,0,7
reversal,7,0,7
mast,7,0,7
disability,7,0,7
karel,7,0,7
surrender,7,0,7
22nd,7,0,7
dinosaur,6,1,7
courtney,7,0,7
dinains,7,0,7
susceptibility,7,0,7
junior,7,0,7
disclaimer,7,0,7
synonymous,7,0,7
rice,7,0,7
rifle,7,0,7
relapse,7,0,7
displace,7,0,7
assertion,7,0,7
laundry,7,0,7
jon,7,0,7
latest,7,0,7
depressed,7,0,7
baptize,7,0,7
derivation,7,0,7
4,7,0,7
63,7,0,7
discrepancy,7,0,7
lars,7,0,7
juice,7,0,7
manufacturing,7,0,7
whereupon,7,0,7
unsure,7,0,7
revenge,7,0,7
zealand,6,1,7
whistleblower,7,0,7
wichert,7,0,7
oi,7,0,7
diawara,6,1,7
cranston,6,1,7
knife,7,0,7
swipe,7,0,7
dgx,7,0,7
offside,7,0,7
knit,7,0,7
radiate,7,0,7
dice,7,0,7
temporal,7,0,7
swoop,7,0,7
kristina,7,0,7
500000,7,0,7
symbiosis,7,0,7
replicate,7,0,7
auditor,7,0,7
kraut,7,0,7
brandsttter,7,0,7
kliatchko,7,0,7
renaissance,7,0,7
marvin,7,0,7
brin,7,0,7
kenza,7,0,7
trim,7,0,7
svenja,7,0,7
differentiation,7,0,7
attorney,7,0,7
keynes,7,0,7
marx,7,0,7
kwon,7,0,7
peak,7,0,7
restructuring,7,0,7
desktop,7,0,7
cpu,7,0,7
synapsis,7,0,7
brando,7,0,7
desperately,6,1,7
unpublished,7,0,7
dictator,7,0,7
jimnez,7,0,7
rejuvenate,7,0,7
jessica,7,0,7
dow,7,0,7
crystal,7,0,7
roose,7,0,7
bush,7,0,7
unnatural,7,0,7
burton,7,0,7
randomly,7,0,7
drag,7,0,7
persuade,7,0,7
douglas,7,0,7
libya,7,0,7
intuitively,7,0,7
blockade,7,0,7
dose,7,0,7
cornell,7,0,7
romance,6,1,7
burglary,7,0,7
dorsey,7,0,7
unnoticed,7,0,7
interplay,7,0,7
interpersonal,7,0,7
involuntarily,7,0,7
intent,6,1,7
megapixel,7,0,7
duisburg,7,0,7
duet,7,0,7
intensely,7,0,7
nutrient,7,0,7
cooper,7,0,7
buying,7,0,7
intensity,7,0,7
creditworthiness,7,0,7
nyonic,7,0,7
transistor,7,0,7
pencil,7,0,7
armchair,7,0,7
liebl,7,0,7
ubiquitous,7,0,7
refined,7,0,7
rosenfeld,7,0,7
orientate,7,0,7
pelrine,7,0,7
iranian,7,0,7
disregard,7,0,7
maya,7,0,7
mcafee,7,0,7
lean,7,0,7
dense,7,0,7
dlle,6,1,7
leading,7,0,7
maybrit,7,0,7
jasper,7,0,7
rip,7,0,7
jaw,7,0,7
reinhold,7,0,7
asml,7,0,7
occurrence,7,0,7
distinguishable,7,0,7
bci,7,0,7
bow,7,0,7
reinvent,7,0,7
rally,7,0,7
trusting,7,0,7
denkfabrik,7,0,7
jacob,7,0,7
mandate,7,0,7
qualitatively,7,0,7
bunk,7,0,7
demonflyingfox,7,0,7
crumble,7,0,7
qualify,7,0,7
suite,7,0,7
barenkamp,7,0,7
manfred,7,0,7
baio,7,0,7
obscure,7,0,7
syria,7,0,7
wright,7,0,7
cruel,7,0,7
istanbul,7,0,7
reid,7,0,7
mcml,7,0,7
itzehoe,7,0,7
rlhf,7,0,7
wireless,7,0,7
mika,7,0,7
inaccurate,7,0,7
partisan,7,0,7
adidas,7,0,7
bezos,7,0,7
aerospace,7,0,7
gieen,7,0,7
snowflake,7,0,7
hazrati,7,0,7
factually,7,0,7
prospective,7,0,7
pig,7,0,7
heading,7,0,7
1983,7,0,7
1982,7,0,7
networks,7,0,7
headmaster,7,0,7
headquarter,7,0,7
si,7,0,7
parainson,6,1,7
netherlands,6,1,7
mourn,7,0,7
harvest,7,0,7
globalization,7,0,7
1988,7,0,7
modernity,7,0,7
2006,7,0,7
moderately,7,0,7
shortest,7,0,7
alain,7,0,7
haupstadt,7,0,7
communicative,7,0,7
paradigm,7,0,7
communist,7,0,7
speculative,7,0,7
sedol,7,0,7
hauer,7,0,7
clumsy,7,0,7
aiyou,7,0,7
vogl,7,0,7
proceeding,7,0,7
cern,7,0,7
primitive,7,0,7
analogously,7,0,7
smedley,7,0,7
thursdays,7,0,7
aithese,7,0,7
hertie,7,0,7
smoaing,7,0,7
hesitant,7,0,7
expire,7,0,7
aimicrosoft,7,0,7
hey,7,0,7
thuringia,7,0,7
spreadsheet,7,0,7
fran,7,0,7
hence,7,0,7
overdue,7,0,7
xtrackers,7,0,7
grisham,7,0,7
georgia,7,0,7
extraordinarily,7,0,7
spoken,7,0,7
chuck,7,0,7
extinguishing,7,0,7
helicopter,7,0,7
pale,7,0,7
vegan,7,0,7
amplifier,7,0,7
amptp,7,0,7
gently,7,0,7
misunderstand,7,0,7
compilation,7,0,7
modesty,7,0,7
coburg,7,0,7
coca,7,0,7
solus,7,0,7
allison,7,0,7
files,7,0,7
sexually,7,0,7
prompter,7,0,7
uncontrolled,7,0,7
greatness,7,0,7
yann,7,0,7
firework,7,0,7
solo,7,0,7
sge,6,1,7
grave,7,0,7
1999,7,0,7
nearby,7,0,7
hagenstrm,7,0,7
firstly,7,0,7
guillermo,7,0,7
soundtrack,7,0,7
sonar,7,0,7
vest,7,0,7
pandora,7,0,7
seventy,7,0,7
aiat,7,0,7
picasso,7,0,7
yardstick,7,0,7
firefox,7,0,7
sonntag,7,0,7
grusch,7,0,7
financier,7,0,7
aiaccorde,7,0,7
sergey,7,0,7
nazis,7,0,7
sonja,7,0,7
ali,7,0,7
soup,6,1,7
folder,7,0,7
shelf,7,0,7
charming,7,0,7
semantic,7,0,7
floyd,7,0,7
fluctuate,7,0,7
fluctuation,7,0,7
children,7,0,7
panacea,7,0,7
volucap,7,0,7
codex,7,0,7
wafer,7,0,7
handwritten,7,0,7
charity,7,0,7
goalkeeper,7,0,7
hannig,6,1,7
span,7,0,7
1996,7,0,7
gratify,7,0,7
granddaughter,6,1,7
granrent,7,0,7
115,7,0,7
viaing,7,0,7
ferdinand,7,0,7
sole,7,0,7
haired,7,0,7
proper,7,0,7
gps,7,0,7
agitation,7,0,7
charter,7,0,7
coincide,7,0,7
fedha,7,0,7
grainge,7,0,7
moritz,7,0,7
experimentally,7,0,7
challenger,7,0,7
schwabhausen,6,1,7
hill,7,0,7
precious,7,0,7
photographed,7,0,7
clippy,7,0,7
minecraft,7,0,7
squeeze,6,1,7
1200,7,0,7
excite,7,0,7
hoffmeister,7,0,7
beam,7,0,7
ceasefire,7,0,7
prioritize,7,0,7
simplification,7,0,7
clichs,7,0,7
schnthaler,7,0,7
bidens,7,0,7
nevada,7,0,7
schopper,7,0,7
hinrich,7,0,7
probert,7,0,7
mutation,7,0,7
frieder,7,0,7
smagin,7,0,7
fridge,7,0,7
hindi,7,0,7
exhausting,7,0,7
simplified,7,0,7
thrun,6,1,7
precede,7,0,7
garching,6,1,7
clarin,7,0,7
1958,7,0,7
warum,7,0,7
scared,7,0,7
euin,7,0,7
skynet,7,0,7
stake,7,0,7
catapult,7,0,7
catastrophe,7,0,7
throat,7,0,7
unbeatable,7,0,7
valentine,7,0,7
gauss,7,0,7
ainsecta,7,0,7
andthe,7,0,7
gareth,7,0,7
stadtwerke,7,0,7
multiplication,6,1,7
hostage,7,0,7
gastronomy,7,0,7
actors,7,0,7
multiplayer,7,0,7
partial,7,0,7
simpson,7,0,7
exile,7,0,7
severance,7,0,7
freiburg,7,0,7
prior,7,0,7
neuroscientist,7,0,7
expel,7,0,7
freiberg,7,0,7
existent,7,0,7
adhesive,7,0,7
comprise,7,0,7
freeze,7,0,7
composite,7,0,7
aindergarten,7,0,7
palace,7,0,7
exotic,7,0,7
540,6,0,6
dante,6,0,6
aisince,6,0,6
madhavan,6,0,6
slice,6,0,6
2002,6,0,6
grammatically,6,0,6
550,6,0,6
delaney,6,0,6
dictionary,6,0,6
dictatorship,6,0,6
freising,4,2,6
martha,6,0,6
danish,6,0,6
dieken,6,0,6
garri,6,0,6
fleischer,6,0,6
grandfather,6,0,6
3500,6,0,6
franzen,6,0,6
flirt,6,0,6
lecun,6,0,6
loudspeaker,6,0,6
simulator,6,0,6
socrates,6,0,6
gogh,6,0,6
kodak,6,0,6
yahoo,6,0,6
dewey,6,0,6
delicious,6,0,6
widen,5,1,6
lend,6,0,6
lorz,6,0,6
aito,6,0,6
residue,6,0,6
dfg,6,0,6
shaw,6,0,6
gordon,6,0,6
morris,6,0,6
diabete,6,0,6
leonardo,6,0,6
silence,5,1,6
resilience,6,0,6
darth,5,1,6
gorilla,6,0,6
aimore,6,0,6
muslim,6,0,6
leslie,6,0,6
swimmer,6,0,6
darkness,6,0,6
generalize,6,0,6
kln,6,0,6
dancing,6,0,6
swallow,6,0,6
rbb,6,0,6
ava,6,0,6
machines,6,0,6
lifetime,6,0,6
deezer,6,0,6
fur,6,0,6
dioxide,6,0,6
athletic,6,0,6
opaque,6,0,6
rckert,6,0,6
lw,6,0,6
gamechanger,6,0,6
backdrop,6,0,6
atlas,6,0,6
asymmetry,6,0,6
karen,6,0,6
sexuality,5,1,6
visa,6,0,6
vincent,6,0,6
smc,6,0,6
grievance,6,0,6
visibly,6,0,6
severity,6,0,6
kara,6,0,6
murderer,6,0,6
mum,6,0,6
slaughter,6,0,6
flank,6,0,6
kenobi,5,1,6
lucia,6,0,6
goetz,6,0,6
garante,6,0,6
musically,6,0,6
mary,6,0,6
luggage,6,0,6
kerste,6,0,6
lukas,6,0,6
retention,6,0,6
aithere,6,0,6
mushen,6,0,6
macron,5,1,6
lunch,6,0,6
greatly,6,0,6
retrofit,6,0,6
katja,6,0,6
kasparow,6,0,6
diligence,6,0,6
lumi,6,0,6
xenobot,6,0,6
solutions,6,0,6
lump,6,0,6
politico,6,0,6
unity,6,0,6
rebellious,6,0,6
wisdomtree,6,0,6
rebuild,6,0,6
rehearsal,6,0,6
productively,6,0,6
awesome,6,0,6
multilingual,6,0,6
fridays,6,0,6
gh200,6,0,6
forgive,6,0,6
ghostwriter977,6,0,6
dermatology,6,0,6
decease,6,0,6
debut,5,1,6
plush,6,0,6
slovenian,6,0,6
gentleman,6,0,6
dertag,6,0,6
snowball,6,0,6
des,6,0,6
giannaais,6,0,6
demonstrably,6,0,6
genome,6,0,6
nanny,6,0,6
gdd,6,0,6
simone,6,0,6
legacy,6,0,6
silk,6,0,6
generously,6,0,6
lankau,5,1,6
mow,6,0,6
ladegailerie,6,0,6
deprive,6,0,6
geographical,6,0,6
decouple,6,0,6
aivi,6,0,6
friderichs,6,0,6
sie,6,0,6
ailian,6,0,6
leaflet,6,0,6
decker,6,0,6
georgetown,6,0,6
autocratic,6,0,6
mrna,6,0,6
dental,6,0,6
vodafone,6,0,6
ralph,6,0,6
aviv,6,0,6
genuine,6,0,6
forscht,6,0,6
wolfram,5,1,6
sich,6,0,6
300000,6,0,6
slusallek,6,0,6
syntea,6,0,6
mpi,6,0,6
gershkovich,6,0,6
gesellschaft,6,0,6
laion,5,1,6
willingly,6,0,6
socket,6,0,6
gladly,6,0,6
omikron,6,0,6
kretzschmar,6,0,6
marin,5,1,6
kreienbrink,6,0,6
unregulated,6,0,6
marine,6,0,6
simplifie,6,0,6
glamor,6,0,6
aiso,6,0,6
dbeli,6,0,6
287,6,0,6
deutschland,6,0,6
victor,6,0,6
tangle,6,0,6
4v,6,0,6
glorify,6,0,6
kosinsai,6,0,6
unjust,6,0,6
generating,6,0,6
worship,4,2,6
gnabry,6,0,6
gnter,6,0,6
developmental,6,0,6
demonstrator,6,0,6
smarter,6,0,6
detectable,6,0,6
krings,6,0,6
forerunner,6,0,6
locomotive,6,0,6
poker,6,0,6
wirtschaftswoche,6,0,6
foreigner,6,0,6
aihow,6,0,6
shout,6,0,6
forehead,6,0,6
kuwait,6,0,6
redefine,6,0,6
kurian,6,0,6
regularity,6,0,6
leisse,6,0,6
soap,6,0,6
desperate,6,0,6
violet,6,0,6
alarming,6,0,6
renewal,6,0,6
2d,6,0,6
ragab,6,0,6
talented,6,0,6
vida,5,1,6
aigoogle,6,0,6
manchester,6,0,6
footstep,6,0,6
repay,6,0,6
lemke,6,0,6
girls,6,0,6
jay,6,0,6
quora,6,0,6
schwartz,6,0,6
merey,6,0,6
mercy,6,0,6
indictment,6,0,6
individuality,6,0,6
miriam,6,0,6
experimentation,6,0,6
elisabeth,6,0,6
misdiagnose,6,0,6
expedia,5,1,6
elena,6,0,6
normality,6,0,6
electronically,6,0,6
98,6,0,6
indy,6,0,6
ineffective,6,0,6
wander,6,0,6
yogeshwar,6,0,6
sabotage,6,0,6
abbey,6,0,6
emmanuel,6,0,6
anxious,6,0,6
exemption,6,0,6
exhausted,6,0,6
saga,6,0,6
hilton,5,1,6
emmy,5,1,6
neutra,6,0,6
emit,6,0,6
sprinkle,6,0,6
schufa,6,0,6
aachen,6,0,6
emigrant,6,0,6
anatomical,6,0,6
wanted,6,0,6
protrude,6,0,6
hierarchy,6,0,6
analogue,6,0,6
rutkowsai,6,0,6
appendix,6,0,6
noticed,6,0,6
helped,6,0,6
1978,6,0,6
rundfunk,6,0,6
hellstrm,6,0,6
hello,6,0,6
extermination,6,0,6
edward,6,0,6
helga,5,1,6
mep,6,0,6
notification,6,0,6
heine,6,0,6
inhuman,5,1,6
arabia,6,0,6
inhumane,6,0,6
wef,6,0,6
stripe,6,0,6
amthor,6,0,6
helps,6,0,6
amuse,4,2,6
exponential,6,0,6
97,6,0,6
inexperienced,6,0,6
inexplicable,6,0,6
mismatch,6,0,6
russland,6,0,6
infect,6,0,6
96,6,0,6
eisenreich,6,0,6
mentality,6,0,6
scorza,6,0,6
scottish,6,0,6
appreciation,6,0,6
infiltrate,6,0,6
eidens,6,0,6
amusing,6,0,6
mess,6,0,6
antonio,6,0,6
sd,6,0,6
sanna,5,1,6
escalation,6,0,6
staging,6,0,6
publicity,6,0,6
statista,6,0,6
erotic,6,0,6
ideological,6,0,6
erle,6,0,6
statutory,6,0,6
milieus,6,0,6
hp,6,0,6
evan,6,0,6
ieee,6,0,6
evaporate,6,0,6
sandra,6,0,6
howells,5,1,6
newton,6,0,6
abyss,6,0,6
iceberg,6,0,6
murer,6,0,6
humanize,5,1,6
hunted,6,0,6
washing,6,0,6
eth,6,0,6
miele,6,0,6
etc,6,0,6
warwick,6,0,6
accessibility,6,0,6
angelo,6,0,6
acatech,6,0,6
sausage,6,0,6
vain,6,0,6
1956,6,0,6
iab,6,0,6
huber,6,0,6
psychotherapist,6,0,6
eur,6,0,6
epochal,6,0,6
ignite,6,0,6
hostile,6,0,6
vat,6,0,6
anthology,6,0,6
impartial,6,0,6
sake,6,0,6
excessively,6,0,6
implementable,6,0,6
wawrzyniak,6,0,6
2025the,6,0,6
encyclopedia,6,0,6
samantha,6,0,6
encouragement,6,0,6
enact,6,0,6
antnio,6,0,6
hindrance,6,0,6
imprison,6,0,6
nod,6,0,6
saillfully,6,0,6
holding,6,0,6
hologram,6,0,6
mindfulness,6,0,6
holstein,6,0,6
epidemic,6,0,6
stadium,6,0,6
scheme,6,0,6
hoppenstedt,6,0,6
hopeful,6,0,6
milton,6,0,6
precarious,6,0,6
steinmeier,5,1,6
imaginable,6,0,6
honegger,6,0,6
vanity,6,0,6
anderson,6,0,6
salma,6,0,6
holz,6,0,6
entanglement,6,0,6
ammunition,6,0,6
sdbad,5,1,6
quo,6,0,6
jake,6,0,6
meadowcraft,6,0,6
prequel,6,0,6
agg,6,0,6
rndp,6,0,6
summon,6,0,6
mohammadi,6,0,6
rl,6,0,6
sunglass,6,0,6
prophecy,6,0,6
yusuf,6,0,6
dlr,6,0,6
prescribed,6,0,6
aloud,6,0,6
fell,6,0,6
jaroslaw,6,0,6
sensensetime,5,1,6
feasibility,6,0,6
1994,6,0,6
donut,6,0,6
measured,6,0,6
meckel,6,0,6
1991,6,0,6
rohrbachs,6,0,6
iq,6,0,6
spatial,6,0,6
spataro,6,0,6
neill,6,0,6
ironically,6,0,6
ishares,6,0,6
18000,6,0,6
neike,6,0,6
irrigation,6,0,6
handicraft,5,1,6
1993,6,0,6
sparkle,6,0,6
robotaxis,6,0,6
fence,6,0,6
ferda,4,2,6
scalable,6,0,6
whereas,6,0,6
johnstone,6,0,6
disillusionment,6,0,6
richardson,6,0,6
fighting,6,0,6
wrap,6,0,6
guilt,6,0,6
juan,6,0,6
mathew,6,0,6
jazz,6,0,6
sonata,6,0,6
unsuccessfully,6,0,6
reynold,6,0,6
disassemble,6,0,6
prominently,6,0,6
grnberger,6,0,6
alle,6,0,6
sophie,6,0,6
johanna,6,0,6
guterres,6,0,6
ridley,6,0,6
distorted,6,0,6
fernandes,6,0,6
distinguishe,6,0,6
riot,5,1,6
asparagus,6,0,6
fertilizer,6,0,6
rings,6,0,6
yeah,6,0,6
sensory,6,0,6
allusion,6,0,6
separation,6,0,6
allude,6,0,6
riemensperger,6,0,6
versus,6,0,6
dispense,6,0,6
donotpay,6,0,6
obi,5,1,6
heavenly,6,0,6
nut,6,0,6
integrative,6,0,6
meghan,6,0,6
megawatt,6,0,6
duolingo,6,0,6
rotor,6,0,6
stylize,6,0,6
arisen,6,0,6
dsv,6,0,6
instinctive,6,0,6
haunt,6,0,6
sedar,6,0,6
dsm,6,0,6
seduce,6,0,6
druyen,6,0,6
submarine,6,0,6
hasse,6,0,6
argumentation,6,0,6
spike,6,0,6
rolf,6,0,6
89,6,0,6
economical,6,0,6
inorganic,6,0,6
seamlessm4,5,1,6
melinda,6,0,6
predominate,6,0,6
1980s,6,0,6
wallet,6,0,6
insignificant,6,0,6
1899,6,0,6
insolvency,6,0,6
earthly,6,0,6
preferably,6,0,6
fabulous,6,0,6
eagle,6,0,6
87,6,0,6
rover,6,0,6
intercept,6,0,6
nest,6,0,6
mockery,6,0,6
wende,6,0,6
ronald,6,0,6
rome,6,0,6
downing,6,0,6
wagon,6,0,6
verifiable,6,0,6
hannover,5,1,6
doubts,6,0,6
fatality,6,0,6
armor,6,0,6
dotcom,6,0,6
speaaing,6,0,6
dortmund,6,0,6
hannes,4,2,6
fatigue,6,0,6
202223,6,0,6
favorable,6,0,6
intestinal,6,0,6
subtlety,6,0,6
hanseatic,6,0,6
neon,6,0,6
fantasize,6,0,6
internalize,6,0,6
subside,6,0,6
internship,6,0,6
spectacle,6,0,6
waiver,6,0,6
nyt,6,0,6
substack,6,0,6
drescher,6,0,6
interpretable,6,0,6
harassment,6,0,6
verdens,6,0,6
intersection,6,0,6
subtitle,6,0,6
altitude,6,0,6
cybersecurity,6,0,6
blunt,6,0,6
vertebrae,6,0,6
contaminate,6,0,6
combinator,6,0,6
c4,6,0,6
combined,6,0,6
pessimism,6,0,6
theses,6,0,6
pathogen,6,0,6
pathological,6,0,6
bakery,6,0,6
comicstrip,6,0,6
transmitter,6,0,6
birchall,6,0,6
crop,6,0,6
commentary,6,0,6
birgit,6,0,6
bully,5,1,6
trauma,6,0,6
traumatize,6,0,6
caf,6,0,6
oversized,6,0,6
cremers,6,0,6
planetary,6,0,6
passive,6,0,6
11500,6,0,6
collage,6,0,6
tracaing,5,1,6
bamberg,6,0,6
colloquially,6,0,6
zhang,6,0,6
balloon,6,0,6
colorize,6,0,6
trainee,6,0,6
continuity,6,0,6
continued,6,0,6
pastor,6,0,6
ortiz,6,0,6
colorado,5,1,6
bioinformatic,6,0,6
bulky,6,0,6
bucher,6,0,6
truthfulness,6,0,6
theorist,6,0,6
conceal,6,0,6
breathtaaing,6,0,6
bleach,5,1,6
conceive,6,0,6
breakfast,6,0,6
brazen,6,0,6
pistorius,6,0,6
tropical,6,0,6
conceptual,6,0,6
pinakothek,5,1,6
bless,6,0,6
outrage,6,0,6
constellation,6,0,6
braise,4,2,6
brady,5,1,6
outgoing,6,0,6
bchner,6,0,6
outsource,6,0,6
breezer,6,0,6
bean,6,0,6
beckwith,6,0,6
bttcher,6,0,6
brynjolfsson,6,0,6
unimportant,6,0,6
container,6,0,6
compatibility,6,0,6
persian,6,0,6
theodor,6,0,6
underground,6,0,6
bret,6,0,6
zett,2,4,6
complication,6,0,6
twist,6,0,6
underpin,6,0,6
bathroom,6,0,6
plato,6,0,6
triumph,6,0,6
overweight,6,0,6
crap,5,1,6
bina48,6,0,6
capitalist,6,0,6
cio,6,0,6
zizek,6,0,6
128,6,0,6
chatgtp,6,0,6
pant,6,0,6
chater,6,0,6
organism,6,0,6
throughput,6,0,6
charlie,6,0,6
throne,6,0,6
tmn,6,0,6
terrifyingly,6,0,6
corruption,6,0,6
cortana,5,1,6
phil,6,0,6
paradox,6,0,6
cortical,6,0,6
unethical,6,0,6
cieliebak,6,0,6
cheaply,6,0,6
bart,6,0,6
placement,6,0,6
barrel,6,0,6
til,6,0,6
tile,6,0,6
berners,6,0,6
chin,5,1,6
tietze,6,0,6
barney,6,0,6
unanimously,6,0,6
christine,6,0,6
best,6,0,6
testimony,6,0,6
chen,6,0,6
tidal,6,0,6
cheese,6,0,6
cheerful,6,0,6
unbroken,6,0,6
toddler,6,0,6
challenges,6,0,6
uncomplicated,6,0,6
tornado,6,0,6
ulrike,6,0,6
casting,6,0,6
cassette,6,0,6
courtyard,6,0,6
oxygen,6,0,6
carsten,6,0,6
carol,6,0,6
categorize,6,0,6
cobalt,5,1,6
cocaine,6,0,6
touchscreen,6,0,6
controllable,6,0,6
carelessly,6,0,6
cohesion,6,0,6
unconscious,6,0,6
unfavorable,6,0,6
banish,6,0,6
chalice,6,0,6
tomograph,6,0,6
claus,6,0,6
phenomenal,6,0,6
toka,5,1,6
clegg,6,0,6
plagiate,6,0,6
clemens,6,0,6
couch,6,0,6
photorhabdus,6,0,6
closing,6,0,6
pizza,6,0,6
unchanged,6,0,6
unchecked,6,0,6
cautious,6,0,6
cloning,6,0,6
counterproductive,6,0,6
bendel,6,0,6
trustee,6,0,6
oversupply,6,0,6
zweig,6,0,6
curricula,6,0,6
2,6,0,6
baumann,6,0,6
thatthe,6,0,6
borrow,6,0,6
books3,6,0,6
booth,6,0,6
perfidious,6,0,6
turbulence,6,0,6
boehringer,6,0,6
tuber,6,0,6
otterbach,6,0,6
bloodstream,6,0,6
turner,6,0,6
tsunami,5,1,6
bookkeeping,6,0,6
bacterial,6,0,6
currywurst,5,1,6
tsv,6,0,6
bmbf,6,0,6
turismo,6,0,6
turaish,6,0,6
catalyst,5,0,5
arbitration,5,0,5
schumer,5,0,5
diplomat,4,1,5
teresa,5,0,5
founding,5,0,5
psychedelic,5,0,5
hu,5,0,5
12th,5,0,5
html,5,0,5
clothe,5,0,5
arc,5,0,5
hsiao,5,0,5
tonight,5,0,5
photos,5,0,5
toro,5,0,5
hpken,5,0,5
bloody,5,0,5
schafroth,5,0,5
fr,5,0,5
pseudonym,5,0,5
frightened,5,0,5
unstoppable,5,0,5
tuesdays,5,0,5
millennial,5,0,5
endoscopy,5,0,5
warming,5,0,5
psychiatrist,5,0,5
vigilant,5,0,5
wolodymyr,5,0,5
accumulate,5,0,5
clichd,5,0,5
heumann,5,0,5
portuguese,5,0,5
hurricane,5,0,5
bigfm,5,0,5
accompanied,5,0,5
hunger,5,0,5
superpower,4,1,5
dimaggio,5,0,5
accomplish,5,0,5
woke,5,0,5
schwartmann,5,0,5
reconstruction,5,0,5
schwab,5,0,5
tenfold,5,0,5
schuwalow,5,0,5
scaling,5,0,5
aiss,5,0,5
aiwith,5,0,5
susan,5,0,5
sneak,5,0,5
huk,5,0,5
dino,5,0,5
courtesy,5,0,5
huhnt,5,0,5
friese,5,0,5
supplementary,5,0,5
banker,5,0,5
thorp,5,0,5
entertainer,5,0,5
princess,5,0,5
vintage,5,0,5
hohenlohe,5,0,5
cd,5,0,5
schmitt,3,2,5
discredit,5,0,5
hoffmann,5,0,5
provocation,5,0,5
schnenberger,5,0,5
discretion,5,0,5
hobbyist,5,0,5
provisional,5,0,5
odessa,5,0,5
supportive,5,0,5
province,5,0,5
frenzied,5,0,5
mvz,4,1,5
freshly,5,0,5
hirst,5,0,5
printer,5,0,5
addressee,5,0,5
schtt,5,0,5
celonis,5,0,5
schubert,5,0,5
myriad,5,0,5
unsurprisingly,5,0,5
courier,5,0,5
villain,5,0,5
horrified,5,0,5
ras,5,0,5
arch,5,0,5
astrophysicist,5,0,5
ultrasound,5,0,5
disappointing,5,0,5
millionaire,5,0,5
thompson,5,0,5
wasjetz,5,0,5
surpass,5,0,5
warhol,5,0,5
convention,5,0,5
schleswig,5,0,5
homeowner,5,0,5
counterweight,5,0,5
schlkopf,5,0,5
clooney,5,0,5
slump,5,0,5
architectural,5,0,5
franziskus,5,0,5
129,5,0,5
adams,5,0,5
holter,5,0,5
cv,5,0,5
rasenberger,5,0,5
activation,5,0,5
impart,5,0,5
saw,5,0,5
improvise,5,0,5
inch,5,0,5
worksheet,5,0,5
rector,5,0,5
canteen,5,0,5
offshoot,5,0,5
flame,5,0,5
flap,5,0,5
ep,5,0,5
unconsciously,5,0,5
enzyme,5,0,5
ina,5,0,5
toyota,5,0,5
endler,5,0,5
wayside,5,0,5
audible,5,0,5
saillful,5,0,5
imprint,5,0,5
lion,5,0,5
abdominal,5,0,5
capitol,5,0,5
flawlessly,5,0,5
unsatisfactory,5,0,5
polished,5,0,5
imponderable,5,0,5
saint,5,0,5
diaper,5,0,5
sweep,5,0,5
taurus,5,0,5
effortlessly,5,0,5
anonymously,5,0,5
imperfect,5,0,5
mercury,5,0,5
colonel,4,1,5
inefficient,5,0,5
trail,5,0,5
camouflage,5,0,5
audit,5,0,5
rwth,5,0,5
dampen,5,0,5
tragedy,5,0,5
campana,5,0,5
individualized,5,0,5
puppet,5,0,5
potentiate,5,0,5
powered,5,0,5
indice,5,0,5
cann,5,0,5
saarbrcken,5,0,5
collins,5,0,5
devise,5,0,5
petri,5,0,5
tempo,5,0,5
vestager,5,0,5
a100,5,0,5
finished,5,0,5
aljoscha,5,0,5
firefighter,5,0,5
candidacy,5,0,5
tract,5,0,5
incoming,5,0,5
vibration,5,0,5
carcinoma,5,0,5
midnight,5,0,5
pub,5,0,5
sandwich,5,0,5
idle,5,0,5
ideology,5,0,5
aramco,5,0,5
santorini,5,0,5
fool,5,0,5
liquidity,5,0,5
powell,5,0,5
ukrainians,5,0,5
michelin,5,0,5
sarcasm,5,0,5
iconic,5,0,5
sarcastic,5,0,5
napster,5,0,5
woche,5,0,5
suv,5,0,5
micron,5,0,5
13000,5,0,5
toto,5,0,5
tucker,5,0,5
footnote,5,0,5
microscope,5,0,5
soares,5,0,5
sauce,5,0,5
hyperintelligent,5,0,5
hyper,5,0,5
heterogeneous,5,0,5
offenbach,5,0,5
utopias,5,0,5
mi,5,0,5
3the,5,0,5
diego,5,0,5
immunotherapy,4,1,5
meteorologist,5,0,5
immortality,5,0,5
wattage,4,1,5
immature,5,0,5
imbalance,5,0,5
www,5,0,5
imaginative,5,0,5
thief,5,0,5
methodology,5,0,5
nash,5,0,5
bell,5,0,5
fluently,5,0,5
flying,5,0,5
fog,5,0,5
wobble,5,0,5
mette,4,1,5
2025in,5,0,5
sofa,5,0,5
mexico,5,0,5
pue,5,0,5
pascal,5,0,5
arab,5,0,5
cowboy,5,0,5
dietmar,5,0,5
caricature,5,0,5
attra,5,0,5
puciata,5,0,5
forensic,5,0,5
earning,5,0,5
misconduct,5,0,5
lucy,5,0,5
poretschain,5,0,5
enlighten,5,0,5
grohadern,5,0,5
genocide,4,1,5
aibecause,5,0,5
geometric,5,0,5
grimm,5,0,5
cheek,5,0,5
msi,5,0,5
stephanie,5,0,5
cheerfully,5,0,5
ticker,5,0,5
montreal,5,0,5
monumental,5,0,5
lusatia,5,0,5
sidebar,5,0,5
gregor,5,0,5
originate,5,0,5
chronically,5,0,5
germ,5,0,5
greed,5,0,5
lust,5,0,5
greatest,5,0,5
moonlight,5,0,5
2020the,5,0,5
gravity,5,0,5
enhance,5,0,5
youthful,5,0,5
downside,5,0,5
tessa,5,0,5
gruner,5,0,5
texte,5,0,5
sequel,5,0,5
hafner,5,0,5
sensitively,5,0,5
terstegen,5,0,5
2021it,5,0,5
gauterin,5,0,5
habitat,5,0,5
gdp,5,0,5
dominik,5,0,5
gymnastic,5,0,5
guttenberg,5,0,5
monetization,5,0,5
monetize,5,0,5
guschtl,4,1,5
silly,5,0,5
coronavirus,5,0,5
geese,4,1,5
teams,5,0,5
rationality,5,0,5
palantir,5,0,5
aria,5,0,5
gtz,5,0,5
vs,5,0,5
techcrunch,5,0,5
lull,5,0,5
doom,5,0,5
aiafter,5,0,5
doomsday,5,0,5
sermon,5,0,5
palette,5,0,5
chew,5,0,5
grammy,4,1,5
aihe,5,0,5
gonzalez,5,0,5
substrate,5,0,5
bertolt,4,1,5
golem,5,0,5
tiger,5,0,5
substitute,4,1,5
drees,5,0,5
armament,5,0,5
gilgamesch,5,0,5
profitability,5,0,5
mostaque,5,0,5
upswe,5,0,5
professionalize,5,0,5
gnnemann,5,0,5
sheep,5,0,5
macher,4,1,5
engagement,5,0,5
shoplift,5,0,5
bernstein,5,0,5
chocolate,5,0,5
volkshochschule,5,0,5
maastricht,5,0,5
drinaing,5,0,5
anticipation,5,0,5
shitty,5,0,5
shocaing,5,0,5
copenhagen,5,0,5
shocked,5,0,5
shovel,5,0,5
voltage,5,0,5
mozart,5,0,5
dragon,5,0,5
besides,5,0,5
shaky,5,0,5
ark,5,0,5
nutritionist,5,0,5
moreno1,5,0,5
grace,5,0,5
moretti,5,0,5
stereo,5,0,5
barta,5,0,5
gptthe,5,0,5
wwwspiegelde,5,0,5
gew,5,0,5
christel,5,0,5
gpt3,5,0,5
gigant,5,0,5
oath,5,0,5
gpai,5,0,5
wwwwashingtonpostcom,5,0,5
showroom,5,0,5
105,5,0,5
machina,5,0,5
got,5,0,5
drrenmatt,5,0,5
profane,5,0,5
porat,5,0,5
goose,5,0,5
copywriter,5,0,5
profiteer,5,0,5
hagborg,5,0,5
unaffected,5,0,5
hessianai,5,0,5
hagl,5,0,5
parcel,5,0,5
endurance,5,0,5
cleaner,5,0,5
helen,5,0,5
misused,5,0,5
heise,5,0,5
heir,5,0,5
unveil,5,0,5
longing,5,0,5
heinemann,5,0,5
claw,5,0,5
functioning,5,0,5
slam,5,0,5
e2,5,0,5
hedge,5,0,5
asleep,5,0,5
hectic,5,0,5
distraction,5,0,5
pomerania,5,0,5
sdwest,5,0,5
skylum,5,0,5
looaing,5,0,5
paramount,5,0,5
adventurous,5,0,5
heater,5,0,5
wong,5,0,5
challenging,5,0,5
umg,5,0,5
173,5,0,5
adolf,5,0,5
helmet,5,0,5
superficially,5,0,5
displacement,5,0,5
clich,5,0,5
filming,5,0,5
toner,5,0,5
miserable,5,0,5
frontier,5,0,5
misfortune,5,0,5
frstenfeldbruck,3,2,5
herrmann,5,0,5
fry,5,0,5
dispel,5,0,5
women,5,0,5
tommi,4,1,5
works,5,0,5
pharmacy,5,0,5
tokens,5,0,5
perfection,5,0,5
biased,5,0,5
raso,5,0,5
admiration,5,0,5
plagiat,5,0,5
disposition,5,0,5
superhero,5,0,5
292,5,0,5
aisis,5,0,5
henrik,5,0,5
henrich,5,0,5
henningsen,5,0,5
helpless,5,0,5
headwind,5,0,5
headmistress,5,0,5
uszkoreit,4,1,5
durable,5,0,5
photographic,5,0,5
summers,5,0,5
unbelievable,5,0,5
realm,4,1,5
gangster,4,1,5
hangar,5,0,5
selfapy,5,0,5
bochum,5,0,5
vitality,5,0,5
garage,5,0,5
arvind,5,0,5
lucas,5,0,5
gartner,5,0,5
aggression,5,0,5
philanthropy,5,0,5
berghain,5,0,5
philippe,5,0,5
papa,5,0,5
sengupta,5,0,5
artwork,5,0,5
duplex,5,0,5
gateway,5,0,5
halbig,5,0,5
dolores,5,0,5
enric,5,0,5
senseless,5,0,5
mollick,5,0,5
dungeon,5,0,5
hansaplatz,5,0,5
dvd,5,0,5
mlxar,5,0,5
nitsch,5,0,5
divided,5,0,5
bent,5,0,5
ensured,5,0,5
changeable,5,0,5
hauke,5,0,5
paradoxically,5,0,5
ratification,5,0,5
tunecore,5,0,5
hasty,5,0,5
threatens,5,0,5
parade,5,0,5
toast,5,0,5
antelope,4,1,5
xiaomi,5,0,5
yuna,5,0,5
modeling,5,0,5
dm,4,1,5
harmonize,5,0,5
gala,5,0,5
harman,5,0,5
philadelphia,5,0,5
hardcore,5,0,5
harbinger,5,0,5
obsession,5,0,5
galerie,5,0,5
unexplained,5,0,5
characterized,5,0,5
dobby,5,0,5
vertical,5,0,5
shoggoth,5,0,5
cameras,5,0,5
rework,5,0,5
erlinghagen,5,0,5
persike,5,0,5
60000,5,0,5
1979,5,0,5
jura,5,0,5
mathematically,5,0,5
brothers,5,0,5
malik,5,0,5
rheinmetall,5,0,5
rhetoric,5,0,5
rhetorical,5,0,5
veil,5,0,5
rhyme,5,0,5
omr,5,0,5
theologian,5,0,5
compass,5,0,5
quietly,5,0,5
jr,5,0,5
daring,5,0,5
triangle,5,0,5
prefabricate,5,0,5
omit,5,0,5
bedroom,5,0,5
li,5,0,5
paxton,5,0,5
fabian,5,0,5
pinterest,5,0,5
refusal,5,0,5
kafka,5,0,5
565,5,0,5
kagan,5,0,5
beast,5,0,5
kerry,5,0,5
witcher,5,0,5
beata,5,0,5
overarch,5,0,5
retouch,5,0,5
embarrassed,5,0,5
cta,5,0,5
retro,5,0,5
embarrass,4,1,5
kebab,5,0,5
masculinity,5,0,5
kay,5,0,5
defamation,4,1,5
kaufmann,5,0,5
kathrin,5,0,5
13th,5,0,5
kassel,5,0,5
reuse,5,0,5
kasneci,4,1,5
expressive,5,0,5
competently,5,0,5
trier,4,1,5
kant,5,0,5
kanji,5,0,5
exterminate,5,0,5
overdo,5,0,5
spiridon,5,0,5
comparative,5,0,5
theology,5,0,5
netzkolumn,0,5,5
compact,5,0,5
mccauley,5,0,5
unofficial,5,0,5
fakes,5,0,5
mcgraw,5,0,5
rmelin,5,0,5
quarantine,5,0,5
amazement,5,0,5
usb,5,0,5
iteration,5,0,5
noaia,5,0,5
mdsi,5,0,5
falter,5,0,5
communism,5,0,5
autocrat,5,0,5
robin,5,0,5
vera,5,0,5
overlap,5,0,5
licensing,5,0,5
demos,5,0,5
elenantelope,5,0,5
meaningfully,3,2,5
bump,5,0,5
pointed,5,0,5
postcard,5,0,5
verbally,5,0,5
faq,5,0,5
pierre,5,0,5
bulb,5,0,5
strae,5,0,5
technik,5,0,5
ridicule,5,0,5
ridiculous,5,0,5
wreckf,5,0,5
pregnancy,5,0,5
delimitation,5,0,5
amendment,4,1,5
trench,5,0,5
nord,5,0,5
refresh,5,0,5
jew,5,0,5
tremor,5,0,5
tremendously,5,0,5
liberalism,5,0,5
jane,5,0,5
overestimation,5,0,5
jeffrey,5,0,5
automatism,5,0,5
netopolics,5,0,5
typingmind,5,0,5
javi,5,0,5
fahren,5,0,5
jar,5,0,5
wrestle,4,1,5
mayr,5,0,5
ventilation,5,0,5
buhse,5,0,5
tag,5,0,5
restructure,5,0,5
robots,4,1,5
europol,5,0,5
stagnate,5,0,5
lagodinsky,5,0,5
en,5,0,5
plump,5,0,5
willis,5,0,5
conclusive,5,0,5
evernote,5,0,5
pray,5,0,5
deactivate,5,0,5
prayer,5,0,5
permissible,5,0,5
rene,5,0,5
deadly,5,0,5
brandl,5,0,5
manhattan,5,0,5
brandner,5,0,5
andreessen,5,0,5
rehearse,5,0,5
renowne,5,0,5
stab,5,0,5
cummings,5,0,5
marginal,5,0,5
kuai,5,0,5
unleashed,5,0,5
legible,5,0,5
pedagogy,5,0,5
leisure,5,0,5
db,5,0,5
landfill,4,1,5
khamidullin,5,0,5
zenz,5,0,5
emptiness,5,0,5
outdoor,5,0,5
badener,4,1,5
eternity,5,0,5
mann,5,0,5
bowl,5,0,5
anhalt,5,0,5
layout,5,0,5
1957,5,0,5
configure,5,0,5
starr,5,0,5
reign,5,0,5
confidant,5,0,5
stare,5,0,5
ethikrat,5,0,5
laurence,5,0,5
laurel,5,0,5
esteem,5,0,5
cure,5,0,5
potent,5,0,5
mantra,5,0,5
stall,5,0,5
vacant,5,0,5
rainforest,5,0,5
ngo,5,0,5
europa,5,0,5
tanja,5,0,5
emmer,5,0,5
375,5,0,5
braunschweig,5,0,5
concentrated,5,0,5
pinocchio,5,0,5
wissen,5,0,5
197,5,0,5
emigrate,5,0,5
thematically,5,0,5
reset,5,0,5
stigmatize,5,0,5
unmask,5,0,5
outward,5,0,5
residential,5,0,5
residual,5,0,5
lenz,5,0,5
exhibitor,5,0,5
married,5,0,5
compulsion,5,0,5
emergent,5,0,5
km,5,0,5
aok,5,0,5
cucumber,5,0,5
wiaimedia,5,0,5
resourceful,5,0,5
wit,5,0,5
brickmonkey,5,0,5
tasha,5,0,5
140,5,0,5
restart,5,0,5
aveva,5,0,5
awake,5,0,5
constructively,5,0,5
outsmart,5,0,5
marit,5,0,5
outdo,5,0,5
nida,5,0,5
zamfirescu,5,0,5
awkward,5,0,5
kreiss,5,0,5
1967,5,0,5
brazilian,5,0,5
1968,5,0,5
taken,5,0,5
krawinkel,5,0,5
krause,5,0,5
breach,5,0,5
4the,5,0,5
outsider,5,0,5
marked,5,0,5
zack,5,0,5
konstantin,5,0,5
konrad,5,0,5
eske,5,0,5
lending,5,0,5
outcome,5,0,5
curl,5,0,5
widow,5,0,5
variation,5,0,5
squeaky,5,0,5
kolbe,5,0,5
prematurely,5,0,5
wet,5,0,5
isabel,5,0,5
butterfly,5,0,5
ingenious,5,0,5
preparatory,5,0,5
memorial,5,0,5
cabaret,5,0,5
boos,5,0,5
teladoc,5,0,5
cabbage,5,0,5
polarization,5,0,5
rostalsai,5,0,5
unreachable,5,0,5
transcript,5,0,5
77,5,0,5
78,5,0,5
strangfeld,5,0,5
sorted,5,0,5
pittsburgh,5,0,5
authorization,5,0,5
pathos,5,0,5
pasture,5,0,5
unicepta,5,0,5
appliance,5,0,5
rotterdam,5,0,5
orwell,5,0,5
almond,5,0,5
infotainment,5,0,5
burdaforward,5,0,5
88,5,0,5
ubs,5,0,5
unpopular,5,0,5
patricia,5,0,5
depending,5,0,5
insofar,5,0,5
mecklenburg,5,0,5
depreciation,5,0,5
biologist,5,0,5
olga,5,0,5
rt,5,0,5
pesticide,5,0,5
electoral,5,0,5
rubber,5,0,5
undecided,5,0,5
16000,5,0,5
rosanna,5,0,5
mediocrity,5,0,5
columnist,5,0,5
strasse,5,0,5
rub,5,0,5
alpine,5,0,5
ole,5,0,5
qiufan,5,0,5
mediterranean,5,0,5
thalmann,5,0,5
melting,5,0,5
alphazero,5,0,5
authentically,5,0,5
interlink,5,0,5
intra,5,0,5
inject,5,0,5
ek,5,0,5
8000,5,0,5
dangelo,5,0,5
behle,5,0,5
deprexis,5,0,5
unprepared,5,0,5
intestine,5,0,5
syntax,5,0,5
detach,5,0,5
ono,5,0,5
neckar,5,0,5
annotate,5,0,5
informative,5,0,5
pointless,5,0,5
anonymity,5,0,5
aloy,5,0,5
insufficient,5,0,5
russel,5,0,5
32000,5,0,5
irregularity,5,0,5
pastoral,5,0,5
irreplaceable,5,0,5
specialty,5,0,5
inflated,5,0,5
boot,5,0,5
inspiring,5,0,5
plateau,5,0,5
insufficiently,5,0,5
byte,5,0,5
elaborately,5,0,5
rpa,5,0,5
75th,3,2,5
farrell,5,0,5
dennis,5,0,5
irresponsible,5,0,5
limburg,5,0,5
meisel,4,1,5
credo,5,0,5
insurmountable,5,0,5
lifelike,5,0,5
meinel,5,0,5
q6,5,0,5
override,5,0,5
theto,5,0,5
beetle,5,0,5
infancy,5,0,5
damper,5,0,5
isaac,5,0,5
denis,5,0,5
figurehead,5,0,5
strand,5,0,5
plank,5,0,5
rogue,5,0,5
crispr,5,0,5
ipcc,5,0,5
soothe,5,0,5
nelson,5,0,5
undeniable,5,0,5
bei,5,0,5
infographic,5,0,5
transportation,5,0,5
verifiability,5,0,5
densely,5,0,5
connectivity,5,0,5
lifeless,5,0,5
alternately,5,0,5
cognitively,4,0,4
cias,4,0,4
multinational,4,0,4
ci,4,0,4
gathering,4,0,4
vicious,4,0,4
coman,4,0,4
cia,4,0,4
palau,4,0,4
needy,4,0,4
predestine,4,0,4
nietzsche,4,0,4
vivante,3,1,4
thematic,4,0,4
algorithmically,4,0,4
confrontation,4,0,4
fledged,4,0,4
enquete,4,0,4
flohr,4,0,4
circulatory,4,0,4
southeast,4,0,4
aindle,4,0,4
multimedia,4,0,4
precursor,4,0,4
thickness,4,0,4
flooding,4,0,4
exempt,4,0,4
vivid,4,0,4
flink,4,0,4
picoult,4,0,4
paknsave,4,0,4
ainetix,4,0,4
alomo,4,0,4
cisco,4,0,4
annoyance,4,0,4
thunder,4,0,4
cinemas,4,0,4
floppy,4,0,4
thuringian,4,0,4
vneky,4,0,4
ainevertheless,4,0,4
fleeting,4,0,4
viaings,4,0,4
exhaustion,4,0,4
prescription,4,0,4
coherence,4,0,4
thwart,4,0,4
colin,4,0,4
sigh,4,0,4
gigerenzer,4,0,4
conductor,4,0,4
pragmatic,4,0,4
finder,3,1,4
overthrow,4,0,4
chord,4,0,4
steel,4,0,4
navigate,4,0,4
chorus,4,0,4
gif,4,0,4
116,4,0,4
nfts,4,0,4
presley,4,0,4
fifa,4,0,4
condense,4,0,4
finsparent,4,0,4
eurowings,4,0,4
ghostly,4,0,4
euthe,4,0,4
nfl,4,0,4
nicely,4,0,4
uncontrolle,4,0,4
shrug,4,0,4
collision,4,0,4
motorcycle,4,0,4
glad,4,0,4
shooter,4,0,4
colombian,4,0,4
niklas,4,0,4
tikk,4,0,4
aigermany,4,0,4
finale,4,0,4
palladium,4,0,4
confidencial,4,0,4
starlink,4,0,4
alley,4,0,4
gina,4,0,4
engineered,4,0,4
vagina,4,0,4
gilgamesh,4,0,4
antibody,4,0,4
stanza,4,0,4
allowance,4,0,4
nezik,4,0,4
firearm,4,0,4
sigfried,4,0,4
fibrillation,4,0,4
alias,4,0,4
nipple,4,0,4
fizzle,4,0,4
sorting,4,0,4
fjellborg,4,0,4
ersan,4,0,4
soulful,4,0,4
annoyed,4,0,4
gerard,4,0,4
outrageous,4,0,4
sided,4,0,4
precedent,4,0,4
srf,4,0,4
outsairt,4,0,4
ferrari,4,0,4
procure,4,0,4
flaw,4,0,4
chucky,4,0,4
ailled,4,0,4
precautionary,4,0,4
mrbeast,4,0,4
coloring,4,0,4
producers,4,0,4
evade,4,0,4
pinch,4,0,4
christianity,4,0,4
belarus,4,0,4
prasad,4,0,4
vettel,4,0,4
thethe,4,0,4
prestigious,4,0,4
ndeup,4,0,4
alienation,4,0,4
outperform,4,0,4
anthropomorphic,4,0,4
belarusian,4,0,4
fidelity,4,0,4
steffi,4,0,4
bernadette,4,0,4
nikai,4,0,4
bern,4,0,4
tidy,4,0,4
exoplanet,4,0,4
sipri,4,0,4
aino,4,0,4
violently,4,0,4
bee,4,0,4
thoughtful,4,0,4
xxv,4,0,4
nettopolice,4,0,4
muswiesen,4,0,4
sniff,4,0,4
veritable,4,0,4
spielkamp,4,0,4
annihilation,4,0,4
slumber,4,0,4
oz,4,0,4
fried,4,0,4
faux,4,0,4
commercialize,4,0,4
physic,4,0,4
netopolice,4,0,4
spiegelrecommendation,4,0,4
overhead,3,1,4
mutually,3,1,4
prigoschin,4,0,4
ambiguous,4,0,4
oxide,4,0,4
facet,4,0,4
feels,4,0,4
spinal,4,0,4
ezmw,4,0,4
fab,4,0,4
belt,4,0,4
faznet,4,0,4
ami,4,0,4
fsk,4,0,4
fabricate,4,0,4
foretaste,4,0,4
neil,4,0,4
ant,4,0,4
118,4,0,4
pacemaker,4,0,4
overly,4,0,4
forgery,4,0,4
frozen,4,0,4
forgot,4,0,4
snoring,4,0,4
ncker,4,0,4
viessmann,4,0,4
frontal,4,0,4
spine,4,0,4
vinfast,4,0,4
therapeutic,4,0,4
principal,4,0,4
underage,4,0,4
bendiek,4,0,4
vigorously,4,0,4
smiley,4,0,4
mythical,4,0,4
xtracker,4,0,4
franke,4,0,4
franco,4,0,4
ott,4,0,4
franchise,4,0,4
xthe,4,0,4
aittelmann,4,0,4
viktor,3,1,4
1987,4,0,4
fragile,4,0,4
smithy,4,0,4
fragrance,4,0,4
aitsch,4,0,4
fareed,4,0,4
fragmentarium,4,0,4
alzheimer,4,0,4
fragmentation,4,0,4
commodity,4,0,4
sms,4,0,4
erlam,4,0,4
freelance,4,0,4
faithful,4,0,4
1985,4,0,4
princeton,4,0,4
specialization,3,1,4
beehive,4,0,4
verena,4,0,4
sperm,4,0,4
freese,4,0,4
vinci,4,0,4
speeche,4,0,4
1945,4,0,4
fountain,4,0,4
benedikt,4,0,4
freddie,4,0,4
amara,4,0,4
mystical,4,0,4
beep,3,1,4
smuggle,4,0,4
venus,4,0,4
nimble,4,0,4
neubert,4,0,4
slides,4,0,4
belsky,4,0,4
threatening,4,0,4
analyzes,4,0,4
clanuwat,4,0,4
steinhuser,4,0,4
compliment,4,0,4
analytica,4,0,4
analytic,4,0,4
foam,4,0,4
galactica,4,0,4
experts,4,0,4
beatrix,4,0,4
completeness,4,0,4
sirius,4,0,4
focused,4,0,4
overboard,4,0,4
clara,4,0,4
enrol,4,0,4
cocktail,4,0,4
gabriele,4,0,4
gabor,4,0,4
gabby,4,0,4
g20,2,2,4
neuromorphic,4,0,4
uncritical,4,0,4
sinner,3,1,4
anatomy,4,0,4
neurosciences,4,0,4
106,4,0,4
eradicate,4,0,4
citizens,4,0,4
exoskeleton,4,0,4
nightingale,4,0,4
comprehensible,4,0,4
bergen,4,0,4
annette,4,0,4
enrique,4,0,4
fmrt,4,0,4
alphafold2,4,0,4
aion,4,0,4
1972,4,0,4
comprehensibility,4,0,4
sprint,4,0,4
compound,4,0,4
painful,4,0,4
claire,4,0,4
expectancy,4,0,4
overwrite,4,0,4
futuromat,4,0,4
predominantly,4,0,4
futuromania,4,0,4
slack,4,0,4
neuklln,4,0,4
socialism,4,0,4
thinktank,4,0,4
compensated,4,0,4
comfortably,4,0,4
extras,4,0,4
negligible,4,0,4
extremadura,4,0,4
als,4,0,4
virtualhumansorg,4,0,4
prisoner,4,0,4
coaster,4,0,4
fore,4,0,4
nanometer,4,0,4
fulfillment,4,0,4
pictures,4,0,4
prisma,4,0,4
fuenf,4,0,4
spar,4,0,4
ownership,4,0,4
skyscraper,4,0,4
beckedahl,4,0,4
behold,4,0,4
neurobiology,4,0,4
federation,4,0,4
explode,4,0,4
beautifully,4,0,4
sixteen,4,0,4
vishay,4,0,4
analogistan,4,0,4
sixty,4,0,4
exploration,4,0,4
skeleton,4,0,4
belly,4,0,4
extended,4,0,4
murphy,4,0,4
annex,4,0,4
bennewitz,4,0,4
ernstthal,3,1,4
fuss,4,0,4
sponsorship,4,0,4
fuse,4,0,4
paderborn,4,0,4
airlines,4,0,4
estonia,4,0,4
zombie,4,0,4
glauner,4,0,4
tremble,4,0,4
6e,4,0,4
jantje,4,0,4
personalization,4,0,4
mayerle,4,0,4
699,4,0,4
212,4,0,4
rinse,4,0,4
maximize,4,0,4
jerk,4,0,4
jodi,4,0,4
westphal,4,0,4
jewel,4,0,4
jewelry,4,0,4
pave,4,0,4
jimmy,4,0,4
pavilion,4,0,4
trendsetter,4,0,4
mauritshuis,4,0,4
mcaibben,4,0,4
21000,4,0,4
70000,4,0,4
mccarthy,4,0,4
bischl,4,0,4
wrist,4,0,4
isolation,4,0,4
wernicke,4,0,4
traumatic,4,0,4
italians,4,0,4
traunstein,4,0,4
roar,4,0,4
roam,4,0,4
quantitative,4,0,4
quantitatively,4,0,4
wrestling,4,0,4
mckernan,4,0,4
ive,4,0,4
iwm,4,0,4
mcdermott,4,0,4
210,4,0,4
671,4,0,4
johann,4,0,4
twittercom,4,0,4
revelation,4,0,4
kag,4,0,4
brochure,4,0,4
revival,4,0,4
quotient,4,0,4
pdfai,4,0,4
karin,4,0,4
karle,4,0,4
230,4,0,4
kashanova,4,0,4
wetzel,4,0,4
rabbit,4,0,4
kath,4,0,4
rabe,4,0,4
briton,3,1,4
kathleen,4,0,4
keen,4,0,4
retouching,4,0,4
brink,4,0,4
rewind,4,0,4
justin,4,0,4
reynolds,3,1,4
juror,4,0,4
maul,4,0,4
jointly,4,0,4
rick,4,0,4
brutally,4,0,4
jordaan,4,0,4
triad,4,0,4
joris,4,0,4
bixby,3,1,4
whale,4,0,4
quieter,4,0,4
jp,4,0,4
ria,4,0,4
paypal,4,0,4
rhino,4,0,4
jung,4,0,4
junk,4,0,4
jurassic,4,0,4
patrol,3,1,4
bumpy,4,0,4
robotaxi,4,0,4
pyramid,4,0,4
inpatient,4,0,4
melodic,4,0,4
mellon,4,0,4
meller,4,0,4
rsums,4,0,4
rrmartin,4,0,4
insightful,4,0,4
transcription,4,0,4
institut,4,0,4
isbert,4,0,4
routinely,4,0,4
biomedicine,4,0,4
bye,2,2,4
byd,4,0,4
wrth,4,0,4
insulting,4,0,4
intact,4,0,4
intangible,4,0,4
inoue,4,0,4
transatlantic,4,0,4
rude,4,0,4
petabyte,4,0,4
petersen,4,0,4
calorie,4,0,4
infineon,4,0,4
ueber,4,0,4
rural,4,0,4
biogas,4,0,4
info,4,0,4
pursuer,4,0,4
men,4,0,4
memories,4,0,4
ingelheim,4,0,4
memorable,4,0,4
inherit,4,0,4
inhibit,4,0,4
memes,4,0,4
patel,4,0,4
903,4,0,4
bvb,4,0,4
rottlnder,4,0,4
2040,4,0,4
involuntary,4,0,4
quadruple,4,0,4
ionogel,4,0,4
mechanized,4,0,4
iot,4,0,4
rogg,4,0,4
werd,4,0,4
burchard,4,0,4
iqm,4,0,4
written,4,0,4
7500,4,0,4
qualcomm,4,0,4
rochko,4,0,4
roche,4,0,4
irreversible,4,0,4
irritated,4,0,4
meant,4,0,4
robotization,4,0,4
ion,4,0,4
quadrocopter,4,0,4
rosy,4,0,4
767,4,0,4
weizbaum,4,0,4
interlock,4,0,4
butt,4,0,4
persuasiveness,4,0,4
meditation,4,0,4
busse,4,0,4
wellness,4,0,4
businessman,4,0,4
interval,4,0,4
medically,4,0,4
intimidate,4,0,4
ronaldo,4,0,4
burns,4,0,4
intro,4,0,4
introductory,4,0,4
burglar,4,0,4
medial,4,0,4
keller,4,0,4
retort,4,0,4
infamous,4,0,4
lexus,4,0,4
wisse,4,0,4
lennart,4,0,4
lense,4,0,4
leonard,4,0,4
leopoldina,4,0,4
lets,4,0,4
performer,4,0,4
levgrn,4,0,4
refreshing,4,0,4
lilo,4,0,4
liberation,4,0,4
librarie,4,0,4
withhold,4,0,4
lieu,4,0,4
ligament,4,0,4
reeperbahn,4,0,4
reed,4,0,4
ransom,4,0,4
tutzing,4,0,4
231106,4,0,4
lemon,4,0,4
231102,4,0,4
braaing,4,0,4
perm,4,0,4
manning,4,0,4
lawyers,4,0,4
rejoice,4,0,4
4096,4,0,4
231017,4,0,4
231025,4,0,4
blink,4,0,4
manipulative,4,0,4
leam,4,0,4
bourdain,4,0,4
3sat,4,0,4
worlds,4,0,4
leben,4,0,4
leber,4,0,4
reichert,4,0,4
lil,4,0,4
maire,4,0,4
retorio,4,0,4
readership,4,0,4
250000,4,0,4
lopuhin,4,0,4
louisa,4,0,4
madison,4,0,4
275,4,0,4
lsw,4,0,4
lucian,4,0,4
26th,4,0,4
reactor,4,0,4
lin,4,0,4
macht,4,0,4
bmg,4,0,4
machinery,4,0,4
2,4,0,4
lyrebird,4,0,4
blurring,4,0,4
macbook,4,0,4
256,4,0,4
magdeburg,4,0,4
wondeurai,3,1,4
pensioner,4,0,4
bondarenko,4,0,4
linda,4,0,4
lindvall,4,0,4
wizard,4,0,4
penguin,4,0,4
maintal,4,0,4
linus,4,0,4
linux,4,0,4
linz,4,0,4
maik,4,0,4
rapist,4,0,4
woebot,4,0,4
liveblog,4,0,4
249,4,0,4
2the,4,0,4
tug,4,0,4
lo,4,0,4
bongard,4,0,4
relations,4,0,4
lausitz,4,0,4
laura,4,0,4
512,4,0,4
kluge,4,0,4
peanut,4,0,4
529,4,0,4
brett,4,0,4
residenztheater,4,0,4
knobbe,4,0,4
knorr,4,0,4
knowledgeable,4,0,4
troll,4,0,4
laudation,4,0,4
marlon,4,0,4
ko,4,0,4
tromp,4,0,4
radier,4,0,4
kohl,4,0,4
kohlhuber,4,0,4
rescuefly,4,0,4
kolbermoor,4,0,4
brexit,4,0,4
marshall,4,0,4
trischler,4,0,4
klett,4,0,4
kempten,4,0,4
trilog,4,0,4
bladder,4,0,4
rethought,4,0,4
retain,4,0,4
brightness,4,0,4
resume,4,0,4
57000,4,0,4
keynote,4,0,4
564,4,0,4
trio,4,0,4
kfw,4,0,4
230303,4,0,4
rachel,4,0,4
550000,4,0,4
whop,4,0,4
perplexity,4,0,4
resale,4,0,4
konen,4,0,4
kono,4,0,4
laboratorie,4,0,4
willison,4,0,4
railbound,3,1,4
laguna,4,0,4
mara,4,0,4
brainstorm,4,0,4
remark,4,0,4
lana,4,0,4
raimondo,4,0,4
landau,4,0,4
reluctantly,4,0,4
reluctant,4,0,4
wilson,4,0,4
pedro,4,0,4
430,4,0,4
lateral,4,0,4
raized,4,0,4
relaxation,4,0,4
marcel,4,0,4
484,4,0,4
krber,4,0,4
486,4,0,4
replenishment,4,0,4
4in,4,0,4
kreuzberg,4,0,4
wilde,4,0,4
repertoire,4,0,4
krisen,4,0,4
krishna,4,0,4
marianne,4,0,4
kroemer,4,0,4
krohn,4,0,4
kugelmann,4,0,4
raffauf,4,0,4
troubleshoot,4,0,4
worrying,4,0,4
kurbjuweit,4,0,4
brandhorst,3,1,4
ren,4,0,4
cameraman,4,0,4
menus,4,0,4
glider,4,0,4
waibel,4,0,4
hanna,4,0,4
charisma,4,0,4
proportionality,4,0,4
modification,4,0,4
hano,4,0,4
modernization,4,0,4
happily,4,0,4
moderne,3,1,4
harbing,4,0,4
seed,4,0,4
moderna,4,0,4
afl,4,0,4
afghan,4,0,4
affirm,4,0,4
harsh,4,0,4
seffner,4,0,4
seewer,4,0,4
seemingly,4,0,4
selinger,4,0,4
philharmonie,4,0,4
handmade,4,0,4
prophet,4,0,4
sentencing,4,0,4
hackathon,4,0,4
momentum,4,0,4
hague,4,0,4
philippines,4,0,4
senseimere,4,0,4
2021the,4,0,4
better,4,0,4
halfway,4,0,4
halloween,4,0,4
moia,4,0,4
hamburger,4,0,4
aggressively,4,0,4
philip,4,0,4
handed,4,0,4
papers,4,0,4
ages,4,0,4
tobacco,4,0,4
affection,4,0,4
ulvaeus,4,0,4
mississippi,4,0,4
misunderstood,3,1,4
adoption,4,0,4
walther,4,0,4
bhme,4,0,4
scrape,4,0,4
hendrycks,4,0,4
zoff,4,0,4
parental,4,0,4
tomato,4,0,4
chantry,4,0,4
scinexx,4,0,4
herford,4,0,4
misinterpret,4,0,4
heroic,4,0,4
hertha,4,0,4
herweck,4,0,4
hesitantly,4,0,4
conservation,4,0,4
heiko,4,0,4
heidelberger,4,0,4
heerde,4,0,4
heel,4,0,4
seduction,4,0,4
changer,4,0,4
todaycom,4,0,4
haze,4,0,4
secrecy,4,0,4
paralysis,4,0,4
umlauf,4,0,4
chan,4,0,4
healing,3,1,4
searle,4,0,4
seamless,4,0,4
seafare,4,0,4
heather,4,0,4
seaclear,2,2,4
sdkreuz,4,0,4
mittermeier,4,0,4
mittelstand,4,0,4
haaretz,4,0,4
2021in,4,0,4
pronoun,4,0,4
morocco,4,0,4
goosebump,4,0,4
morrison,4,0,4
gossip,4,0,4
gote,4,0,4
sharmahd,4,0,4
aido,4,0,4
governor,4,0,4
timeline,4,0,4
aidnap,4,0,4
seoul,4,0,4
gpt4,4,0,4
gpts,3,1,4
gptzero,4,0,4
chick,4,0,4
chicago,4,0,4
grail,4,0,4
cheyer,4,0,4
timing,4,0,4
mortal,4,0,4
shazeer,4,0,4
profitably,4,0,4
sheba,4,0,4
2019in,4,0,4
chips,3,1,4
glomex,4,0,4
gloomy,4,0,4
glory,3,1,4
gloss,4,0,4
2019the,4,0,4
tilt,4,0,4
gntm,4,0,4
goat,4,0,4
aieven,4,0,4
goes,4,0,4
gohlke,4,0,4
going,4,0,4
chill,4,0,4
chile,4,0,4
sheets,4,0,4
pandemie,4,0,4
graph,4,0,4
graphics,4,0,4
bethany,4,0,4
grown,4,0,4
monstrous,4,0,4
grumble,4,0,4
unanimous,4,0,4
gtersloh,4,0,4
gtp,4,0,4
gttingen,4,0,4
serge,4,0,4
serenity,4,0,4
bethge,4,0,4
guinea,4,0,4
guise,4,0,4
seraj,4,0,4
unambiguous,4,0,4
gurman,4,0,4
gutenberg,4,0,4
monetary,4,0,4
promis,4,0,4
setback,4,0,4
grass,4,0,4
setz,4,0,4
moore,4,0,4
pandemy,4,0,4
chemnitz,3,1,4
bestselle,3,1,4
chelsea,4,0,4
sexy,4,0,4
chegg,4,0,4
greifswald,3,1,4
greshake,4,0,4
sewing,4,0,4
projects,4,0,4
grimace,4,0,4
tin,4,0,4
severely,4,0,4
checkpoint,4,0,4
voyyles,4,0,4
grlitz,4,0,4
adjective,4,0,4
mischievous,4,0,4
pastime,4,0,4
aboutthe,4,0,4
mexican,4,0,4
waterfall,4,0,4
metro,4,0,4
abrupt,4,0,4
salon,4,0,4
imagen,3,1,4
bildung,4,0,4
billie,4,0,4
cardinal,4,0,4
implantation,4,0,4
meth,4,0,4
immensely,4,0,4
immersive,4,0,4
passable,4,0,4
meteo,4,0,4
impairment,4,0,4
imperial,4,0,4
billions,4,0,4
cargo,4,0,4
puddle,4,0,4
caribbean,4,0,4
iglu,4,0,4
carter,4,0,4
hypothesis,4,0,4
microscopy,4,0,4
microprocessor,4,0,4
satisfactory,4,0,4
acatis,4,0,4
sat,4,0,4
micro,4,0,4
partwitzer,4,0,4
carnival,4,0,4
ideas,4,0,4
carmaker,4,0,4
carlson,4,0,4
sandner,4,0,4
ifaa,4,0,4
sander,4,0,4
pubmedgpt,4,0,4
implant,4,0,4
implicitly,4,0,4
heufer,4,0,4
webcam,4,0,4
puntoni,4,0,4
2026the,4,0,4
pasta,4,0,4
wulff,4,0,4
9th,4,0,4
indianapolis,4,0,4
canal,4,0,4
webbs,4,0,4
paste,4,0,4
zuboff,4,0,4
merchant,4,0,4
individualize,4,0,4
induction,4,0,4
industries,4,0,4
rxivorg,4,0,4
ruthless,4,0,4
inertia,4,0,4
inexpensively,4,0,4
merlic,4,0,4
punk,4,0,4
9,4,0,4
candle,4,0,4
puma,4,0,4
imran,4,0,4
inability,4,0,4
binding,4,0,4
punctual,4,0,4
punctuality,4,0,4
said,4,0,4
inanimate,4,0,4
abba,4,0,4
incalculable,4,0,4
incan,4,0,4
wdr,4,0,4
incidence,4,0,4
petric,4,0,4
passivity,4,0,4
meryl,4,0,4
incomprehensible,4,0,4
hymn,4,0,4
midfield,4,0,4
hybris,4,0,4
adaptability,4,0,4
pforzheim,4,0,4
hohenstein,3,1,4
holden,4,0,4
ccc,4,0,4
holdings,4,0,4
adaptable,4,0,4
holistic,4,0,4
hollow,4,0,4
paro,4,0,4
huttenlocher,4,0,4
toothpaste,4,0,4
pflger,4,0,4
bielefeld,4,0,4
homeless,4,0,4
homepod,4,0,4
hometown,4,0,4
bielievtsov,4,0,4
pfizer,4,0,4
miner,4,0,4
hlderlin,4,0,4
historic,4,0,4
schooling,4,0,4
parisien,4,0,4
hi,4,0,4
adib,4,0,4
hielkema,4,0,4
centers,4,0,4
highest,4,0,4
schuller,4,0,4
censorship,4,0,4
miquela,4,0,4
hildebrandt,4,0,4
hilgendorf,4,0,4
minutes,4,0,4
cement,4,0,4
celsius,4,0,4
hirsch,4,0,4
2023it,4,0,4
ministerial,4,0,4
mimic,4,0,4
hoos,4,0,4
catering,4,0,4
htc,4,0,4
casually,4,0,4
scaramuzza,4,0,4
hugh,4,0,4
scanning,4,0,4
milanesi,4,0,4
scandinavian,4,0,4
bigbro,4,0,4
castel,4,0,4
humanly,4,0,4
humans,4,0,4
humiliate,4,0,4
humorous,4,0,4
migrant,4,0,4
accompaniment,4,0,4
hungarian,4,0,4
hurray,4,0,4
hurtful,4,0,4
torpedo,4,0,4
hsun,4,0,4
pfiff,4,0,4
hrw,4,0,4
torch,4,0,4
hopper,4,0,4
psch,4,0,4
hormone,4,0,4
activision,4,0,4
horny,4,0,4
horrific,4,0,4
horrify,3,1,4
categorization,4,0,4
hostility,4,0,4
mill,4,0,4
hotspot,4,0,4
housewife,4,0,4
howell,4,0,4
acknowledge,4,0,4
participatory,4,0,4
warren,4,0,4
sterile,4,0,4
techbook,4,0,4
darcy,4,0,4
denounce,4,0,4
yyybitbot,4,0,4
audrey,4,0,4
dao,4,0,4
elsner,4,0,4
symbolize,4,0,4
pontrjagin,4,0,4
podcasts,4,0,4
emad,4,0,4
dantas,4,0,4
barth,4,0,4
132,4,0,4
supposed,4,0,4
dejian,4,0,4
dekra,4,0,4
bath,4,0,4
upgrading,4,0,4
texter,4,0,4
dufresne,4,0,4
arxiv,4,0,4
bathe,4,0,4
stopover,4,0,4
offering,4,0,4
cryptic,4,0,4
unsuspecte,4,0,4
deter,4,0,4
t3n,4,0,4
bathing,4,0,4
duncan,4,0,4
orally,4,0,4
correlate,4,0,4
obsess,4,0,4
darwin,4,0,4
pleased,4,0,4
oncostem,4,0,4
cozy,4,0,4
taboo,4,0,4
polly,4,0,4
contamination,4,0,4
orcas,3,1,4
pollution,4,0,4
darknet,4,0,4
norbert,4,0,4
storyline,4,0,4
bandwidth,4,0,4
observed,4,0,4
tablemedia,4,0,4
ellison,4,0,4
darker,4,0,4
ashamed,4,0,4
degrade,4,0,4
barthes,4,0,4
degraded,4,0,4
babbelgpt,4,0,4
duplicate,4,0,4
containment,4,0,4
platz,4,0,4
cookbook,4,0,4
planned,4,0,4
stones,4,0,4
delimited,4,0,4
consolidation,4,0,4
olivia,4,0,4
uploaded,4,0,4
cruelty,4,0,4
tentacle,4,0,4
oktoberfest,4,0,4
popularize,4,0,4
unpaid,4,0,4
balcony,4,0,4
upswing,4,0,4
empirically,4,0,4
oai,4,0,4
den,4,0,4
substantially,4,0,4
demolish,4,0,4
bankman,4,0,4
noch,4,0,4
empowerment,4,0,4
dread,4,0,4
antoine,4,0,4
tethered,4,0,4
synthid,4,0,4
articulate,4,0,4
oat,4,0,4
antlitz,4,0,4
15000,4,0,4
crow,4,0,4
183,4,0,4
constantin,4,0,4
astonishment,4,0,4
attend,4,0,4
teddy,4,0,4
counterfeiting,4,0,4
emerging,4,0,4
nussbaum,4,0,4
nomi,4,0,4
du,4,0,4
doi,4,0,4
batman,4,0,4
astronautin,4,0,4
zdemir,4,0,4
opulent,4,0,4
terrorism,4,0,4
szabo,4,0,4
suggestive,4,0,4
suitcase,4,0,4
uninvolved,4,0,4
unreal,4,0,4
demise,4,0,4
telephoto,4,0,4
stipberger,4,0,4
coordinator,4,0,4
armin,4,0,4
democratization,4,0,4
populism,4,0,4
playfully,4,0,4
surgical,4,0,4
orderly,4,0,4
dwarf,4,0,4
dwayne,4,0,4
eighteen,4,0,4
plunge,4,0,4
occupant,4,0,4
arbitrarily,4,0,4
terminology,4,0,4
disturbing,4,0,4
dcimos,4,0,4
disposable,4,0,4
164,4,0,4
streik,3,1,4
eifert,4,0,4
occupancy,4,0,4
novego,4,0,4
stronghold,3,1,4
nourish,4,0,4
convenience,4,0,4
avoidance,4,0,4
streep,4,0,4
diameter,4,0,4
1900,4,0,4
diametrically,4,0,4
eck,4,0,4
dispatcher,4,0,4
opentable,4,0,4
struck,4,0,4
unintentionally,4,0,4
structurally,4,0,4
portugal,3,1,4
takaful,4,0,4
decoration,4,0,4
basket,4,0,4
191,4,0,4
diabetes,4,0,4
basf,4,0,4
aptly,4,0,4
dissertation,4,0,4
notify,4,0,4
eerie,4,0,4
decamp,4,0,4
striaingly,4,0,4
ef,4,0,4
unrest,4,0,4
cosmosdirekt,4,0,4
unleash,4,0,4
asked,4,0,4
uninhibited,4,0,4
thailand,4,0,4
cultivation,4,0,4
terra,4,0,4
apps,4,0,4
dissatisfied,4,0,4
textual,4,0,4
deadpool,4,0,4
edged,4,0,4
stressful,4,0,4
eder7bzpx5gp3iikbl3qhgr7uehtml,4,0,4
dialectic,4,0,4
tailwind,4,0,4
cuddly,4,0,4
ponder,4,0,4
cortex,4,0,4
polymer,4,0,4
eager,4,0,4
disguise,4,0,4
datacenter,4,0,4
swr,4,0,4
normalization,4,0,4
technologyi,4,0,4
elegant,4,0,4
convict,3,1,4
strain,4,0,4
auditing,4,0,4
yoko,4,0,4
defenseless,4,0,4
didactic,4,0,4
platforms,4,0,4
stumbling,4,0,4
stun,4,0,4
defiantly,4,0,4
dylan,4,0,4
elevenlabs,4,0,4
stunning,4,0,4
dldaily,4,0,4
dll,4,0,4
elf,4,0,4
dwindle,4,0,4
textroboter,4,0,4
normalize,4,0,4
earl,4,0,4
cory,4,0,4
elaboration,4,0,4
policing,4,0,4
nostalgia,4,0,4
streak,4,0,4
strawberry,4,0,4
assault,4,0,4
craiyon,3,1,4
straube,4,0,4
audiotainment,4,0,4
superlative,4,0,4
pixelate,4,0,4
terrain,4,0,4
tail,4,0,4
northwest,4,0,4
electro,3,1,4
craig,4,0,4
occasional,4,0,4
curie,4,0,4
oneto,4,0,4
easterly,4,0,4
appetite,4,0,4
nox,4,0,4
curiosities,4,0,4
electrician,4,0,4
earphone,4,0,4
dati,4,0,4
avatars,4,0,4
upon,4,0,4
basilisk,4,0,4
dine,4,0,4
unprocessed,4,0,4
derby,4,0,4
croon,4,0,4
downturn,4,0,4
crochet,3,1,4
endlessly,4,0,4
enchant,4,0,4
bakre,4,0,4
tea,4,0,4
atlanta,4,0,4
organized,4,0,4
deploy,4,0,4
austerity,4,0,4
synchronous,4,0,4
bachmut,4,0,4
suspense,4,0,4
bachmann,4,0,4
diocese,4,0,4
dabrock,4,0,4
descent,4,0,4
oldenburg,4,0,4
olg,4,0,4
125th,3,1,4
doudna,4,0,4
backpack,4,0,4
autistic,4,0,4
dent,4,0,4
dough,4,0,4
backfire,4,0,4
succession,4,0,4
nitrogen,4,0,4
ups,4,0,4
tehran,4,0,4
cymbal,4,0,4
diplomacy,4,0,4
authorize,4,0,4
engel,4,0,4
diplomatic,4,0,4
dachau,4,0,4
diresta,4,0,4
endeavor,4,0,4
arsenal,4,0,4
console,4,0,4
synergy,4,0,4
cristiano,4,0,4
obey,4,0,4
derailment,4,0,4
oldman,4,0,4
pacaing,3,0,3
he2hcge6jqftfwlun43no5poi4html,3,0,3
mm,3,0,3
friendliness,3,0,3
teigen,3,0,3
undund,3,0,3
voucher,3,0,3
kern,3,0,3
fright,3,0,3
whitbrook,3,0,3
hde,3,0,3
benevolent,3,0,3
hd,3,0,3
keyser,3,0,3
sexualize,3,0,3
aversion,3,0,3
2048,3,0,3
clientele,3,0,3
friedrichshain,3,0,3
earner,3,0,3
intertwine,3,0,3
hazardous,3,0,3
ballweg,3,0,3
earring,3,0,3
mustafa,3,0,3
sloan,3,0,3
divine,3,0,3
sloppy,3,0,3
mercenary,3,0,3
benevolence,3,0,3
frode,3,0,3
frontiers,3,0,3
petra,3,0,3
wales,3,0,3
vouch,3,0,3
frown,3,0,3
roth,3,0,3
pea,3,0,3
planetarium,3,0,3
slowdown,3,0,3
resulted,3,0,3
mutant,3,0,3
brightly,3,0,3
sluggish,3,0,3
poach,3,0,3
monopolist,3,0,3
pac,2,1,3
rockefeller,3,0,3
clifford,3,0,3
gsi,3,0,3
transliteration,3,0,3
999,3,0,3
klatten,3,0,3
cheerfulness,3,0,3
freitas,3,0,3
clinically,3,0,3
interpolation,3,0,3
martial,3,0,3
swk,3,0,3
thorsten,3,0,3
buzz,3,0,3
kleinsteuber,3,0,3
interoperability,3,0,3
bride,3,0,3
ebay,3,0,3
freelancer,3,0,3
230323,3,0,3
smartwatche,3,0,3
marta,3,0,3
aitchlew,3,0,3
smash,3,0,3
portion,3,0,3
fredly,3,0,3
indexing,3,0,3
thorough,3,0,3
respiratory,3,0,3
advocatus,3,0,3
restaurateur,3,0,3
martinez,3,0,3
khler,3,0,3
interpreting,3,0,3
aerial,3,0,3
marvell,3,0,3
fridman,3,0,3
pnr,3,0,3
climatic,3,0,3
pablo,3,0,3
interrupted,3,0,3
climbing,3,0,3
friction,3,0,3
fri,3,0,3
gregory,3,0,3
hayley,3,0,3
kkr,3,0,3
mv,3,0,3
indie,3,0,3
beneficiary,3,0,3
basel,3,0,3
freud,3,0,3
bio,3,0,3
beneficial,3,0,3
1024,3,0,3
klaer,3,0,3
canadians,3,0,3
restless,3,0,3
126,3,0,3
walker,3,0,3
stubbornly,3,0,3
buzzfeed,3,0,3
deviantart,3,0,3
frustrated,3,0,3
karla,3,0,3
infallible,3,0,3
5965,3,0,3
virulent,3,0,3
walczyk,3,0,3
futoromat,3,0,3
authentication,3,0,3
raab,3,0,3
kasdan,3,0,3
virulence,3,0,3
nsa,3,0,3
benner,3,0,3
kasparov,3,0,3
bas,3,0,3
pod,3,0,3
176,3,0,3
fuqua,3,0,3
kata,3,0,3
virtuoso,3,0,3
photon,3,0,3
greater,3,0,3
avant,3,0,3
virtue,3,0,3
mobilization,3,0,3
prose,3,0,3
reunion,3,0,3
reunification,3,0,3
descendant,3,0,3
conveyor,3,0,3
divorced,3,0,3
sg,3,0,3
padilla,3,0,3
frustrating,3,0,3
sunny,3,0,3
nuai,3,0,3
gratifying,3,0,3
mediator,3,0,3
deutschlandfunk,3,0,3
burnout,3,0,3
airbus,3,0,3
porridge,3,0,3
g2,3,0,3
bioethic,3,0,3
came,3,0,3
oberhofer,3,0,3
depressing,3,0,3
kanye,3,0,3
broadband,3,0,3
sunlight,3,0,3
dye,3,0,3
downgrade,3,0,3
urinary,3,0,3
22b,3,0,3
aicker,3,0,3
uefa,3,0,3
dynamics,3,0,3
stunned,3,0,3
britz,3,0,3
downfall,3,0,3
classically,3,0,3
walaing,3,0,3
zeh,3,0,3
skdler,3,0,3
airsch,3,0,3
slander,3,0,3
ronja,3,0,3
slang,3,0,3
keith,3,0,3
deeptech,3,0,3
sleepless,3,0,3
industrialized,3,0,3
sleepy,3,0,3
kelce,3,0,3
baseball,3,0,3
obwohl,3,0,3
sectional,3,0,3
industrialist,3,0,3
2029,3,0,3
clearing,3,0,3
fucaing,3,0,3
kemmer,3,0,3
benign,3,0,3
areas,3,0,3
purchasing,3,0,3
slider,3,0,3
kemper,3,0,3
doubtful,3,0,3
clog,3,0,3
ken,3,0,3
mercator,3,0,3
rothe,3,0,3
clement,3,0,3
hawk,3,0,3
benifei,3,0,3
hawley,3,0,3
waldshut,3,0,3
whistle,3,0,3
fujian,3,0,3
brisk,3,0,3
swot,3,0,3
kaulitz,3,0,3
pastell,3,0,3
kayak,3,0,3
virtuality,3,0,3
slapstick,3,0,3
rabid,3,0,3
2013the,3,0,3
meps,3,0,3
changes,3,0,3
buzzword,3,0,3
airways,3,0,3
biochemist,3,0,3
maschine,2,1,3
dont,3,0,3
aishe,3,0,3
deer,3,0,3
clay,3,0,3
mobil,0,3,3
blackrock,3,0,3
moody,3,0,3
mob,3,0,3
portable,3,0,3
gtf,3,0,3
convertible,3,0,3
prosecution,2,1,3
musicians,2,1,3
greenlake,3,0,3
retrieve,3,0,3
dedication,3,0,3
bribery,3,0,3
freak,2,1,3
groom,3,0,3
wwwpoliticoeurticle,3,0,3
twelfth,3,0,3
incomprehension,3,0,3
korff,3,0,3
merton,3,0,3
aias,3,0,3
unresolved,3,0,3
blend,3,0,3
mitigate,3,0,3
incompetent,3,0,3
sobering,3,0,3
belousussov,3,0,3
alarmist,3,0,3
coastal,3,0,3
aiartificial,3,0,3
wealthfront,3,0,3
prey,3,0,3
awe,3,0,3
candy,3,0,3
aiamong,3,0,3
beloususov,3,0,3
sculptor,3,0,3
dgpc,3,0,3
adrian,3,0,3
interfere,3,0,3
kppler,3,0,3
prometheus,3,0,3
saddle,3,0,3
heike,3,0,3
soak,3,0,3
inconceivable,3,0,3
tractor,3,0,3
arbeitsplatz,3,0,3
2041,3,0,3
sack,3,0,3
akela,3,0,3
fork,3,0,3
awakening,3,0,3
terrace,3,0,3
synonym,3,0,3
forgiveness,3,0,3
beltracchi,3,0,3
vie,3,0,3
171,3,0,3
hector,3,0,3
uganda,3,0,3
forestry,3,0,3
breastfeed,3,0,3
decentralized,3,0,3
decentralization,3,0,3
radiological,3,0,3
konzern,3,0,3
inconsistency,3,0,3
beloved,3,0,3
chairmanship,3,0,3
cultivate,3,0,3
aialtman,3,0,3
edgar,3,0,3
foremost,3,0,3
terrabyte,3,0,3
kopitzke,3,0,3
ovr,3,0,3
foodforecast,3,0,3
advancement,3,0,3
narges,3,0,3
bella,3,0,3
kress,3,0,3
grotesque,3,0,3
dhmann,3,0,3
edmonds,2,1,3
swirl,3,0,3
interchangeable,3,0,3
marietje,3,0,3
17000,3,0,3
pretschner,3,0,3
braut,3,0,3
trot,3,0,3
helena,3,0,3
radtke,3,0,3
debora,3,0,3
flush,3,0,3
sagan,3,0,3
perverse,3,0,3
fluffy,3,0,3
dorn,3,0,3
cognition,3,0,3
incapacitate,3,0,3
groundwater,3,0,3
softgarden,3,0,3
pedagogue,2,1,3
cohen,3,0,3
repel,3,0,3
screenwrit,3,0,3
repeater,3,0,3
focal,3,0,3
takes,3,0,3
costa,3,0,3
sadly,3,0,3
rosettofold,3,0,3
adrenaline,3,0,3
aai,3,0,3
inclined,3,0,3
inclination,3,0,3
megalomania,3,0,3
kranzler,3,0,3
4ne,3,0,3
wwwmidjourneycom,3,0,3
pia,3,0,3
uninspired,3,0,3
folklore,3,0,3
groups,3,0,3
ubisoft,3,0,3
controlled,3,0,3
heiner,3,0,3
arabian,3,0,3
pathway,3,0,3
prominence,3,0,3
yahmed,3,0,3
montana,3,0,3
102,3,0,3
passively,3,0,3
barcelona,3,0,3
awful,3,0,3
distinctive,3,0,3
dec,3,0,3
socratic,3,0,3
culinary,3,0,3
pricing,3,0,3
kling,3,0,3
transhumanist,3,0,3
decorate,3,0,3
conveniently,3,0,3
indefinite,3,0,3
knapp,3,0,3
novosti,3,0,3
diver,3,0,3
grill,3,0,3
vike,3,0,3
524,3,0,3
grim,3,0,3
taipei,3,0,3
bioscience,3,0,3
porto,3,0,3
baltic,3,0,3
cheeky,3,0,3
heard,3,0,3
oberthr,3,0,3
strovel,3,0,3
cornelia,3,0,3
sean,3,0,3
sabrina,3,0,3
aitschy,3,0,3
buyback,3,0,3
novendstern,3,0,3
grumpy,3,0,3
toeper,3,0,3
smolder,3,0,3
3,3,0,3
technology202211,3,0,3
succumb,3,0,3
primeval,3,0,3
trademark,3,0,3
tristan,3,0,3
klingbeil,3,0,3
klingemann,3,0,3
2010s,3,0,3
klingholz,3,0,3
smear,3,0,3
seasonal,3,0,3
respectful,3,0,3
grusel,3,0,3
intoxication,3,0,3
qr,3,0,3
respectable,3,0,3
cubist,3,0,3
190,3,0,3
decryption,3,0,3
franconia,3,0,3
ebit,3,0,3
grids,3,0,3
pathology,3,0,3
ebitda,3,0,3
inderhaug,3,0,3
klong,3,0,3
unfulfilled,3,0,3
villa,3,0,3
kluckert,3,0,3
ebu,3,0,3
brew,3,0,3
wiainger,3,0,3
franconian,3,0,3
weisbrod,3,0,3
cornelissen,3,0,3
notz,3,0,3
grippy,3,0,3
welding,3,0,3
cloudy,3,0,3
nagel,3,0,3
marlene,3,0,3
koblenz,3,0,3
aiwhat,3,0,3
sneaker,3,0,3
checaing,3,0,3
forsa,3,0,3
breeding,3,0,3
forrester,3,0,3
gro,3,0,3
disturbed,3,0,3
paramilitary,3,0,3
markt,3,0,3
trombone,3,0,3
disturbance,3,0,3
formulating,3,0,3
physicality,3,0,3
decimal,3,0,3
kogonada,3,0,3
crm,3,0,3
weld,3,0,3
sachertorte,3,0,3
formto,3,0,3
rescuer,3,0,3
taiwanese,3,0,3
qin,3,0,3
koji,3,0,3
grnewald,3,0,3
forums,3,0,3
worthless,3,0,3
marquardt,3,0,3
brennise,3,0,3
unmasked,3,0,3
tinder,3,0,3
heartbeat,3,0,3
incubator,3,0,3
knof,3,0,3
reside,3,0,3
nabu,3,0,3
resi,3,0,3
ecology,3,0,3
nachrichten,3,0,3
convene,3,0,3
checker,2,1,3
biopsy,3,0,3
decisively,3,0,3
founded,3,0,3
knot,3,0,3
snail,3,0,3
primacy,3,0,3
maroni,3,0,3
intentional,3,0,3
knowingly,3,0,3
wallpaper,3,0,3
viewing,3,0,3
servicenow,3,0,3
nadja,3,0,3
radiation,3,0,3
forwarding,3,0,3
hartnett,3,0,3
intralogistic,3,0,3
kammel,3,0,3
builder,3,0,3
senseime,3,0,3
sensei,3,0,3
barricade,3,0,3
optional,3,0,3
weimar,3,0,3
crush,3,0,3
janik,3,0,3
mbapp,3,0,3
gifted,3,0,3
mbank,3,0,3
hairdressing,3,0,3
arlington,3,0,3
rsv,3,0,3
aihuman,3,0,3
showcase,2,1,3
poetron,3,0,3
gibson,3,0,3
hairstyle,3,0,3
unevenly,3,0,3
weinfurter,3,0,3
propagandist,3,0,3
obedience,3,0,3
systrom,3,0,3
2018the,3,0,3
drugstore,3,0,3
voigt,3,0,3
om,3,0,3
ghostwriting,3,0,3
movable,3,0,3
gigawatt,3,0,3
paula,3,0,3
weg,3,0,3
cabin,3,0,3
1800,3,0,3
autofocus,3,0,3
travis,3,0,3
domesticate,3,0,3
phillip,3,0,3
teen,3,0,3
mcdonald,3,0,3
teem,3,0,3
placeholder,3,0,3
pohl,3,0,3
shortcoming,3,0,3
shortening,3,0,3
treacherous,3,0,3
uppsala,3,0,3
2100,3,0,3
sensensime,3,0,3
haha,3,0,3
synthetically,3,0,3
professionalism,3,0,3
7000,3,0,3
shoshana,3,0,3
gilday,3,0,3
guitarist,3,0,3
autobiography,3,0,3
melbourne,3,0,3
senseles,3,0,3
symptomatic,3,0,3
olympic,3,0,3
jail,3,0,3
buffett,3,0,3
senna,3,0,3
benzmller,3,0,3
tiemo,3,0,3
bud,3,0,3
hallway,3,0,3
maximova,3,0,3
ruby,3,0,3
wwwwiredcom,3,0,3
westmeyer,3,0,3
germering,2,1,3
tremblay,3,0,3
dem,3,0,3
bartel,3,0,3
sibylle,3,0,3
correctiv,3,0,3
departments,3,0,3
rihanna,3,0,3
rigorous,3,0,3
chasing,3,0,3
delta,3,0,3
westphalian,3,0,3
103,3,0,3
sympathetic,3,0,3
gerjet,3,0,3
dell,3,0,3
unobserved,3,0,3
geri,3,0,3
buanes,3,0,3
maxi,3,0,3
rokos,3,0,3
righteousness,3,0,3
propertyof,3,0,3
shyness,3,0,3
transcend,3,0,3
ghostwrite,3,0,3
hallucinations,3,0,3
berner,2,1,3
treaty,3,0,3
transcribed,3,0,3
chrissy,3,0,3
cacophony,3,0,3
unreasonable,3,0,3
tiengen,3,0,3
shruti,3,0,3
gg,3,0,3
poetic,3,0,3
uni,3,0,3
paulsairche,3,0,3
budgie,3,0,3
christie,3,0,3
bluntly,3,0,3
halliwell,3,0,3
dryad,3,0,3
pandeme,3,0,3
demanding,3,0,3
suleyman,3,0,3
shutdown,3,0,3
aiis,3,0,3
shutter,3,0,3
shuttle,3,0,3
barn,3,0,3
transplant,3,0,3
subjugate,3,0,3
rubble,3,0,3
innovator,3,0,3
terry,3,0,3
iu,3,0,3
hafiz,3,0,3
crowdworker,3,0,3
goliath,3,0,3
oppression,3,0,3
copying,3,0,3
isar,3,0,3
shelter,3,0,3
guzzler,0,3,3
sequences,3,0,3
shen,3,0,3
dreamy,3,0,3
aienle,3,0,3
bund,3,0,3
auschwitz,3,0,3
designate,3,0,3
denschen,3,0,3
personation,3,0,3
meaningless,3,0,3
gwechenberger,3,0,3
bargain,3,0,3
aieurope,3,0,3
designation,3,0,3
shark,3,0,3
berthold,3,0,3
dominique,3,0,3
demotape,3,0,3
govern,3,0,3
godless,3,0,3
rounder,3,0,3
betrayal,3,0,3
75000,3,0,3
moses,3,0,3
850,3,0,3
motorsport,3,0,3
meineck,3,0,3
childcare,3,0,3
dramaturgy,3,0,3
guru,3,0,3
birken,3,0,3
ahmidi,3,0,3
pancrea,3,0,3
gordo,2,1,3
shatter,3,0,3
bundled,3,0,3
instructor,3,0,3
childish,3,0,3
chating,3,0,3
gottfried,3,0,3
personio,3,0,3
mortgage,3,0,3
bunker,3,0,3
drawer,3,0,3
dennett,3,0,3
bis,3,0,3
googlecom,3,0,3
youwrite,3,0,3
goodwill,2,1,3
cora,3,0,3
dreambooth,3,0,3
robustness,3,0,3
robustly,3,0,3
sheeran,3,0,3
artifical,3,0,3
isaacson,3,0,3
unprofitable,3,0,3
pana,3,0,3
wrinkle,3,0,3
weidmann,3,0,3
artistry,3,0,3
iterative,3,0,3
mdr,3,0,3
gullible,3,0,3
telegraph,3,0,3
glide,3,0,3
shizhe,2,1,3
baldacci,3,0,3
arno,3,0,3
glaze,3,0,3
sensorium,3,0,3
demolition,3,0,3
rner,3,0,3
corpora,3,0,3
arne,3,0,3
melancholy,3,0,3
rrig,3,0,3
autodesk,3,0,3
hadid,3,0,3
aunt,3,0,3
caballero,3,0,3
motors,3,0,3
dentist,3,0,3
shapiro,3,0,3
rnc,3,0,3
gulag,3,0,3
sensing,3,0,3
dentistry,3,0,3
pohlmann,3,0,3
corpse,3,0,3
glitter,3,0,3
crumbly,3,0,3
biomedical,3,0,3
robocar,3,0,3
ahlers,3,0,3
mondtag,3,0,3
uploading,3,0,3
crucible,3,0,3
2021if,3,0,3
vun,3,0,3
artificialintelligence,3,0,3
trash,3,0,3
motherhood,3,0,3
mecca,3,0,3
subsidize,3,0,3
roberts,3,0,3
copper,3,0,3
corbusier,3,0,3
artificiality,3,0,3
2068,3,0,3
robe,3,0,3
aura,3,0,3
robbery,3,0,3
palo,3,0,3
crumb,3,0,3
drift,3,0,3
sensual,3,0,3
moroney,3,0,3
hacken,3,0,3
pronunciation,3,0,3
demonstrable,3,0,3
sham,3,0,3
upright,3,0,3
jibo,3,0,3
wsai,3,0,3
haptic,3,0,3
inuit,3,0,3
nudity,3,0,3
timmy,3,0,3
harald,3,0,3
cherry,3,0,3
sergej,3,0,3
unbearable,3,0,3
sin,3,0,3
burmeister,3,0,3
garnish,3,0,3
seize,3,0,3
2015however,3,0,3
jungmann,3,0,3
mediate,3,0,3
biotic,3,0,3
oncologist,3,0,3
ainow,3,0,3
seitz,3,0,3
tribute,3,0,3
sincere,3,0,3
grape,3,0,3
intrusion,3,0,3
monoculture,3,0,3
cityscape,3,0,3
garde,3,0,3
ashley,3,0,3
terrifying,3,0,3
ballast,3,0,3
correspondence,3,0,3
duplication,3,0,3
flour,3,0,3
invalidate,3,0,3
gay,3,0,3
gavin,3,0,3
juergen,3,0,3
modernize,3,0,3
dune,3,0,3
quabs,3,0,3
615,3,0,3
multimillionaire,3,0,3
depp,3,0,3
gauger,3,0,3
gauge,3,0,3
pandemicsand,3,0,3
pcr,3,0,3
multimodality,3,0,3
informatist,3,0,3
happens,3,0,3
julie,3,0,3
julien,3,0,3
grandmaster,3,0,3
julius,3,0,3
simulated,3,0,3
bvmw,3,0,3
proportionate,3,0,3
gastroenterology,3,0,3
gastroenterologist,3,0,3
jumper,3,0,3
rhetorically,3,0,3
intellect,3,0,3
unnecessarily,3,0,3
jurisdiction,3,0,3
civey,3,0,3
jurisprudence,2,1,3
informal,3,0,3
intrinsic,3,0,3
mate,3,0,3
progressing,3,0,3
menschen,3,0,3
gallwitz,3,0,3
clamp,3,0,3
shabbi,3,0,3
5th,3,0,3
225,3,0,3
clan,3,0,3
matchday,3,0,3
gallen,3,0,3
inflationary,3,0,3
mat,3,0,3
sir,3,0,3
intrigue,3,0,3
masuch,3,0,3
intranet,3,0,3
rouse,3,0,3
brock,3,0,3
stuntman,3,0,3
techportal,3,0,3
xiaoice,3,0,3
sung,3,0,3
youper,3,0,3
sitcom,3,0,3
gaga,2,1,3
sergio,3,0,3
pager,3,0,3
aiover,3,0,3
gamedev,3,0,3
trait,3,0,3
pdd,3,0,3
nucleus,3,0,3
argumentative,3,0,3
defy,3,0,3
weekday,3,0,3
infographics,3,0,3
sylvia,3,0,3
weed,3,0,3
cj,3,0,3
mediatek,3,0,3
poisoning,2,1,3
justifie,3,0,3
pangu,3,0,3
guardians,3,0,3
deforestation,3,0,3
moderated,3,0,3
gamuchanger,3,0,3
influx,3,0,3
painfully,3,0,3
rey,3,0,3
thrill,3,0,3
purr,3,0,3
tabloid,3,0,3
materialize,3,0,3
mediathek,3,0,3
materiality,3,0,3
79,3,0,3
grard,3,0,3
intellectually,3,0,3
cis,3,0,3
bergstrom,3,0,3
righteous,3,0,3
bsa,3,0,3
paperwork,3,0,3
charlotte,3,0,3
pawe,3,0,3
bureau,3,0,3
med,3,0,3
deliberate,3,0,3
delhi,3,0,3
delft,3,0,3
johnny,3,0,3
johns,3,0,3
wade,3,0,3
pat,3,0,3
correctivorg,3,0,3
graduation,3,0,3
handmaid,3,0,3
brute,3,0,3
mucosa,3,0,3
memoir,3,0,3
crook,3,0,3
mucus,3,0,3
656,3,0,3
ariana,3,0,3
deterioration,3,0,3
generated,3,0,3
uphill,3,0,3
baidus,3,0,3
techwelt,3,0,3
handwriting,3,0,3
plaster,3,0,3
genomic,3,0,3
membrane,3,0,3
204,3,0,3
chic,3,0,3
jim,3,0,3
authors,3,0,3
inland,3,0,3
dubaier,3,0,3
involvement,3,0,3
siderl,2,1,3
waas,3,0,3
palestinian,3,0,3
185,3,0,3
sidewalk,3,0,3
geopolitic,2,1,3
dubbing,3,0,3
intake,3,0,3
geography,3,0,3
palestine,3,0,3
cooling,3,0,3
rieser,3,0,3
delimit,3,0,3
aggregate,3,0,3
mohammed,3,0,3
prophecies,2,1,3
semianalysis,3,0,3
bss,3,0,3
personable,3,0,3
genus,3,0,3
ahr,3,0,3
760,3,0,3
delighted,3,0,3
trance,3,0,3
muessen,3,0,3
handy,3,0,3
modulation,3,0,3
chatroboter,2,1,3
matiunina,3,0,3
827,3,0,3
pony,3,0,3
jpmorgan,3,0,3
downtown,3,0,3
bru,3,0,3
unavoidable,3,0,3
161,3,0,3
hannusch,3,0,3
observatory,3,0,3
stylistic,3,0,3
1883,3,0,3
unappeale,3,0,3
tnnesmann,3,0,3
judea,3,0,3
dummy,3,0,3
selective,3,0,3
deposition,3,0,3
gdel,3,0,3
serchook,3,0,3
multimilliarist,3,0,3
wheelchair,3,0,3
rumination,3,0,3
simmerlein,3,0,3
gbit,3,0,3
77000,3,0,3
rummage,3,0,3
styles,3,0,3
gaze,3,0,3
ingolstadt,3,0,3
jourov,3,0,3
gefert,3,0,3
waffle,3,0,3
investors,3,0,3
joscha,3,0,3
duke,3,0,3
mugshots,3,0,3
caleb,3,0,3
wenger,3,0,3
aged,3,0,3
omnipotence,2,1,3
josephine,3,0,3
dull,3,0,3
gem,3,0,3
signer,3,0,3
hank,3,0,3
jost,3,0,3
journeyman,3,0,3
bruno,3,0,3
investments,3,0,3
mattel,3,0,3
geilinger,3,0,3
brunken,3,0,3
ascent,3,0,3
weng,3,0,3
matroschka,3,0,3
investing,3,0,3
xenopus,3,0,3
ascento,2,1,3
cipher,3,0,3
deportation,3,0,3
sharples,3,0,3
marion,3,0,3
helium,3,0,3
bieber,3,0,3
boomin,3,0,3
underpinned,3,0,3
booming,3,0,3
3200,3,0,3
1970s,3,0,3
countermeasure,3,0,3
michel,3,0,3
redirect,3,0,3
carolin,3,0,3
sputnik,3,0,3
predefine,3,0,3
holt,3,0,3
lily,3,0,3
postponement,3,0,3
neutrally,3,0,3
backwards,3,0,3
parlice,3,0,3
lindemann,3,0,3
damon,3,0,3
sapphire,3,0,3
sv,3,0,3
stockholm,3,0,3
lindenberg,2,1,3
homeait,3,0,3
tts,3,0,3
idda,3,0,3
lindauer,3,0,3
computerize,3,0,3
lindau,2,1,3
execute,3,0,3
predator,3,0,3
squad,3,0,3
maizire,3,0,3
neurotech,3,0,3
toothbrush,3,0,3
experimenta,3,0,3
tooor,3,0,3
vcs,3,0,3
reese,3,0,3
oedipus,3,0,3
workstation,3,0,3
unsuspecting,3,0,3
analytically,3,0,3
stoljarow,3,0,3
235,3,0,3
ideologically,3,0,3
experiments,3,0,3
makersuite,3,0,3
diffuse,3,0,3
neurologist,3,0,3
stool,3,0,3
underpaid,3,0,3
lightcap,3,0,3
sprind,3,0,3
swabia,2,1,3
adapter,3,0,3
springform,3,0,3
yeast,3,0,3
embodiment,3,0,3
tasty,3,0,3
holistically,3,0,3
surcharge,3,0,3
sprout,3,0,3
likeable,3,0,3
nomination,3,0,3
holm,3,0,3
tatjana,3,0,3
sapthe,3,0,3
homemade,3,0,3
240,3,0,3
valve,3,0,3
taxation,3,0,3
stabilityai,3,0,3
listless,3,0,3
mimo,3,0,3
1963,3,0,3
puberty,3,0,3
100th,3,0,3
exacerbate,3,0,3
babylonian,3,0,3
academically,3,0,3
evp,3,0,3
tautermann,3,0,3
batter,3,0,3
vance,3,0,3
booker,3,0,3
ibiza,3,0,3
yesiltas,3,0,3
banks,3,0,3
ib,3,0,3
tue,3,0,3
reconnaissance,3,0,3
noisy,3,0,3
reconciliation,3,0,3
units,3,0,3
bach,3,0,3
100html,3,0,3
penis,3,0,3
penn,3,0,3
validate,3,0,3
understaffed,3,0,3
liver,3,0,3
exa,2,1,3
dally,3,0,3
undetected,3,0,3
rape,3,0,3
excavator,3,0,3
1965,3,0,3
1966,3,0,3
outshine,2,1,3
linke,3,0,3
3100,3,0,3
emirates,3,0,3
exaflop,3,0,3
linguee,3,0,3
wladimir,3,0,3
damn,3,0,3
emirat,3,0,3
penetration,3,0,3
pimp,3,0,3
excavation,3,0,3
precipitation,3,0,3
counting,3,0,3
ada,3,0,3
ich,3,0,3
banner,3,0,3
conception,3,0,3
damien,3,0,3
conceptronica,3,0,3
schleiff,3,0,3
homophobic,3,0,3
damaging,3,0,3
homosexual,3,0,3
constitutive,3,0,3
tuberculosis,3,0,3
lippensynchron,3,0,3
micky,3,0,3
pew,3,0,3
idiom,3,0,3
iain,3,0,3
assyrologist,3,0,3
storybooks,3,0,3
abstruse,3,0,3
storytelle,3,0,3
lesser,3,0,3
comparability,3,0,3
dietrich,3,0,3
regensburg,3,0,3
fabs,3,0,3
reger,3,0,3
underestimated,3,0,3
igor,3,0,3
ihk,3,0,3
samuel,3,0,3
spill,3,0,3
spiral,3,0,3
additionally,3,0,3
neurological,3,0,3
letters,3,0,3
354,3,0,3
scholarship,3,0,3
scholl,3,0,3
addictive,3,0,3
mama,3,0,3
regain,2,1,3
hitchhiker,3,0,3
mammoth,3,0,3
hitchhike,3,0,3
hitchcock,3,0,3
darkest,3,0,3
mammography,3,0,3
fabio,3,0,3
lethal,3,0,3
bostrom,3,0,3
elizabeth,3,0,3
assumed,3,0,3
spicy,3,0,3
spiecker,3,0,3
lemoin,3,0,3
fainting,3,0,3
fairer,3,0,3
lem,3,0,3
plentiful,3,0,3
pelham,3,0,3
regina,2,1,3
regrettable,3,0,3
yearsthe,3,0,3
diem,3,0,3
amber,3,0,3
therapie,3,0,3
leike,3,0,3
ambivalence,3,0,3
ambivalent,3,0,3
botch,3,0,3
len,3,0,3
elin,3,0,3
370,3,0,3
minnesota,3,0,3
spielberg,3,0,3
nettle,3,0,3
managerial,3,0,3
schopenhauer,3,0,3
samidoun,3,0,3
prei,3,0,3
231110,3,0,3
celeste,3,0,3
elise,3,0,3
managed,3,0,3
lewandowsai,3,0,3
lewis,3,0,3
lex,3,0,3
340,3,0,3
coveted,3,0,3
underlaid,3,0,3
cease,3,0,3
1976,3,0,3
undergrowth,3,0,3
vdpc,3,0,3
idyll,3,0,3
malformation,3,0,3
aperture,3,0,3
1977,3,0,3
underfunded,3,0,3
vectord,3,0,3
pitchbook,3,0,3
spontaneity,3,0,3
hofheim,3,0,3
pfrringer,3,0,3
hofstadter,3,0,3
idiosyncratic,3,0,3
boredom,3,0,3
miailhe,3,0,3
embark,3,0,3
pill,3,0,3
referential,3,0,3
embarrassment,2,1,3
discredge,3,0,3
mindstrong,3,0,3
11th,3,0,3
predictability,3,0,3
neurographer,3,0,3
embassy,3,0,3
sprache,3,0,3
em,3,0,3
beckenbauer,3,0,3
lexicaart,3,0,3
opensource,3,0,3
stores,3,0,3
liar,3,0,3
ammonia,3,0,3
addict,3,0,3
unfold,3,0,3
extremism,3,0,3
unseen,3,0,3
randt,2,1,3
ey,3,0,3
pithy,3,0,3
splitting,3,0,3
assyrologists,3,0,3
eyelash,3,0,3
splinter,3,0,3
schnitzel,3,0,3
extrapolate,3,0,3
compatriot,3,0,3
becoming,3,0,3
attest,3,0,3
contactless,3,0,3
reformulate,3,0,3
debacle,2,1,3
extortion,3,0,3
beckers,3,0,3
undiscovered,2,1,3
externally,3,0,3
librarian,3,0,3
uninteresting,3,0,3
malice,3,0,3
hochbahn,3,0,3
vegetable,3,0,3
taxpayer,3,0,3
livestream,3,0,3
leif,2,1,3
maction,3,0,3
nme,3,0,3
epitome,3,0,3
teammate,3,0,3
145,3,0,3
saysthe,3,0,3
2700,3,0,3
hung,3,0,3
connector,3,0,3
unstable,3,0,3
lubricate,3,0,3
warrior,3,0,3
surrogate,3,0,3
anomaly,3,0,3
2024in,3,0,3
politikrbeitswelt,3,0,3
nlp,3,0,3
consistency,3,0,3
rationalization,3,0,3
nikrang,3,0,3
266,3,0,3
readjust,3,0,3
environmentally,3,0,3
connote,3,0,3
luke,3,0,3
boarding,3,0,3
atmospheric,3,0,3
stegmann,3,0,3
baum,3,0,3
hsv,3,0,3
unspecific,3,0,3
luhmann,3,0,3
connor,3,0,3
militant,3,0,3
steamed,3,0,3
militarily,3,0,3
encompass,3,0,3
cas9,3,0,3
unsolved,3,0,3
hustedt,3,0,3
catchphrase,3,0,3
statute,3,0,3
erling,3,0,3
louis,3,0,3
bayes,3,0,3
hourly,3,0,3
accessory,3,0,3
ux,3,0,3
nigeria,3,0,3
statue,3,0,3
lou,3,0,3
madness,3,0,3
hurry,3,0,3
pseudonymization,3,0,3
encouraging,3,0,3
casdorff,3,0,3
251,3,0,3
hover,3,0,3
lovingly,3,0,3
realschule,3,0,3
erdinger,3,0,3
dilapidate,3,0,3
1950s,3,0,3
ulm,3,0,3
lrs,3,0,3
lrz,3,0,3
schalkamp,3,0,3
totalitarian,3,0,3
scenery,3,0,3
nilay,3,0,3
utmsource,3,0,3
rbzszxhn45gpzldjiucsnq5v2yhtml,3,0,3
courteous,3,0,3
lynn,3,0,3
enlargement,3,0,3
turkle,3,0,3
enlightener,3,0,3
others,3,0,3
ninth,3,0,3
hubs,3,0,3
accurately,3,0,3
rauch,3,0,3
cybernetic,3,0,3
enriched,3,0,3
stencil,3,0,3
nitsche,3,0,3
razor,3,0,3
accountable,3,0,3
enforceable,3,0,3
stephany,3,0,3
scandalous,3,0,3
enigmatic,3,0,3
workers,3,0,3
lysaker,3,0,3
psychiatry,3,0,3
hugo,3,0,3
machen,3,0,3
lyxor,3,0,3
pisa,3,0,3
maas,3,0,3
cyberspace,3,0,3
engaging,3,0,3
macabre,3,0,3
nintendo,3,0,3
unspeaked,3,0,3
utmmedium,3,0,3
bo,3,0,3
enthuse,3,0,3
htw,3,0,3
readability,3,0,3
otte,3,0,3
answering,3,0,3
turin,3,0,3
entitlement,3,0,3
tease,3,0,3
mikel,3,0,3
rationalized,3,0,3
sticaing,3,0,3
cashless,3,0,3
luminary,3,0,3
humidity,3,0,3
warsaw,3,0,3
luria,3,0,3
din,3,0,3
warship,3,0,3
endress,3,0,3
enterprises,2,1,3
piquant,3,0,3
tears,3,0,3
entered,3,0,3
acemolu,3,0,3
zenner,3,0,3
entangle,3,0,3
26000,3,0,3
stellantis,3,0,3
luther,3,0,3
niva,3,0,3
energetic,3,0,3
27th,3,0,3
milky,3,0,3
1960s,3,0,3
wolves,3,0,3
outlet,3,0,3
eugen,3,0,3
val,3,0,3
lockbit,2,1,3
surplus,3,0,3
warlike,3,0,3
localize,3,0,3
confederation,3,0,3
psalm,3,0,3
pragmatism,3,0,3
lobrecht,3,0,3
anecdotic,3,0,3
microscopic,3,0,3
reciprocate,3,0,3
horizontal,3,0,3
vaguely,3,0,3
bauerfeind,3,0,3
pseudo,3,0,3
magician,3,0,3
login,3,0,3
unsightly,3,0,3
vaek,3,0,3
rasmus,3,0,3
loggoogle,3,0,3
lofaro,3,0,3
noel,3,0,3
plain,3,0,3
dagbladet,3,0,3
loeper,3,0,3
loduca,3,0,3
pingpong,3,0,3
pinggera,3,0,3
unionist,3,0,3
16th,3,0,3
stalker,3,0,3
offenses,3,0,3
satisfactorily,3,0,3
eurozone,3,0,3
magnitude,3,0,3
stagger,3,0,3
emotionless,3,0,3
hopains,3,0,3
wolfsburger,3,0,3
bondiorno,3,0,3
dakota,3,0,3
satirical,3,0,3
evaluated,3,0,3
neyecom,3,0,3
2x,3,0,3
liz,3,0,3
yoda,3,0,3
stagnation,3,0,3
countries,3,0,3
magnify,3,0,3
stimulus,3,0,3
stimulation,3,0,3
condescend,3,0,3
potato,3,0,3
bachelet,3,0,3
recite,3,0,3
loading,3,0,3
stakeholder,3,0,3
constance,3,0,3
emperor,3,0,3
pragmatist,3,0,3
ng,3,0,3
reciprocity,3,0,3
anglo,3,0,3
logistics,3,0,3
ethician,3,0,3
statcounter,3,0,3
lorent,3,0,3
hybs,3,0,3
magazin,3,0,3
rebirth,3,0,3
loot,3,0,3
anka,3,0,3
boil,3,0,3
anja,3,0,3
esoteric,3,0,3
schauinsland,3,0,3
rebound,3,0,3
penultimate,3,0,3
niece,3,0,3
conformity,3,0,3
lorenz,3,0,3
rebel,2,1,3
bayreuth,3,0,3
savior,3,0,3
penzberg,2,1,3
hotelier,3,0,3
catchy,3,0,3
stationary,3,0,3
turntable,3,0,3
congratulation,3,0,3
es,3,0,3
maeve,3,0,3
reassure,3,0,3
eruf,3,0,3
enclose,3,0,3
savoy,3,0,3
opel,3,0,3
starve,3,0,3
savey,3,0,3
angst,3,0,3
receptive,3,0,3
lombardini,3,0,3
sussex,3,0,3
stars,3,0,3
lol,3,0,3
loitering,3,0,3
disabled,3,0,3
receptor,3,0,3
va,3,0,3
1939,3,0,3
ethereal,3,0,3
ethereum,3,0,3
outfit,3,0,3
confidante,3,0,3
disagree,3,0,3
nickname,3,0,3
2024the,3,0,3
started,3,0,3
niclas,3,0,3
starter,3,0,3
miller,3,0,3
28th,3,0,3
nico,3,0,3
anika,3,0,3
configurator,3,0,3
practitioner,3,0,3
vacationer,3,0,3
receipt,3,0,3
saved,3,0,3
magenta,3,0,3
bc,3,0,3
millennia,3,0,3
wischnewsai,3,0,3
aian,3,0,3
unscathed,3,0,3
eggert,3,0,3
marche,3,0,3
feast,3,0,3
strasbourg,3,0,3
fintech,3,0,3
barakchian,3,0,3
boys,3,0,3
lawnmower,3,0,3
centrally,3,0,3
kylian,3,0,3
manninger,3,0,3
ayda,3,0,3
pediatric,3,0,3
alps,3,0,3
costly,3,0,3
naval,3,0,3
abo,3,0,3
heyo,3,0,3
sales,3,0,3
b2b,3,0,3
fireflyadobecom,3,0,3
negotiable,3,0,3
plociennik,3,0,3
alison,3,0,3
years,3,0,3
unforgettable,3,0,3
156,3,0,3
499,3,0,3
fedoret,3,0,3
143,3,0,3
supernatural,3,0,3
henning,3,0,3
relativity,3,0,3
pulmonary,3,0,3
apprentice,3,0,3
negate,3,0,3
tantz,3,0,3
immigrate,3,0,3
alphas,3,0,3
craftsmanship,3,0,3
1012,3,0,3
contexts,3,0,3
cape,3,0,3
contextualize,3,0,3
scotland,3,0,3
dictation,3,0,3
raid,3,0,3
brabham,3,0,3
cardiac,3,0,3
vermeer,3,0,3
admissibility,3,0,3
finnish,3,0,3
170,3,0,3
veto,3,0,3
negotiating,3,0,3
strap,3,0,3
verified,3,0,3
lcke,3,0,3
cardiff,3,0,3
bancel,3,0,3
barak,3,0,3
fist,3,0,3
lea,3,0,3
belgian,3,0,3
admits,3,0,3
stern,3,0,3
cracker,3,0,3
undisturbed,3,0,3
fitbit,2,1,3
watsonx,3,0,3
cardiologist,3,0,3
bicycle,3,0,3
presumption,3,0,3
unusable,3,0,3
stretch,3,0,3
fitting,3,0,3
phantom,3,0,3
ramaswamy,3,0,3
taliban,3,0,3
fauna,3,0,3
faultless,3,0,3
fazbefore,3,0,3
overpower,3,0,3
lck,3,0,3
helsinai,3,0,3
kwebbelkop,3,0,3
messer,3,0,3
basketball,3,0,3
kuzzushiji,3,0,3
yard,3,0,3
solver,3,0,3
abolition,3,0,3
solvency,3,0,3
bae,3,0,3
fazno,3,0,3
kuwai,3,0,3
appropriation,3,0,3
plural,3,0,3
kushner,3,0,3
electrify,3,0,3
blissful,3,0,3
fishback,3,0,3
laziness,3,0,3
render,3,0,3
mirschel,3,0,3
rendite,3,0,3
2023at,3,0,3
schummler,2,1,3
uncontrollably,3,0,3
dismay,3,0,3
alper,3,0,3
missile,3,0,3
colonization,3,0,3
ceothe,3,0,3
hermann,3,0,3
plumber,3,0,3
rainbow,3,0,3
feverishly,3,0,3
hermeneutic,3,0,3
45000,3,0,3
almendraljo,3,0,3
remedied,3,0,3
460,3,0,3
tan,3,0,3
44000,3,0,3
onesta,3,0,3
soulless,3,0,3
colonial,3,0,3
brag,3,0,3
railroad,3,0,3
neat,3,0,3
misinterpretations,3,0,3
temu,3,0,3
lanier,3,0,3
lagarde,3,0,3
oversleep,3,0,3
permeate,3,0,3
relocate,3,0,3
unjustified,3,0,3
scissor,3,0,3
imply,3,0,3
lancaster,3,0,3
towfigh,3,0,3
eine,3,0,3
billy,3,0,3
colony,3,0,3
rem,3,0,3
hereditary,3,0,3
landing,3,0,3
tomography,3,0,3
lame,3,0,3
figurative,3,0,3
willow,3,0,3
appliedai,3,0,3
verstappen,3,0,3
youbot,3,0,3
landmark,3,0,3
colorizer,3,0,3
coloscopy,3,0,3
wax,3,0,3
heritage,3,0,3
eir,3,0,3
165,3,0,3
maraing,3,0,3
sounds,3,0,3
remotely,3,0,3
worn,3,0,3
stratetic,3,0,3
finanzdienst,3,0,3
aspire,3,0,3
colloquial,3,0,3
uh,3,0,3
superman,3,0,3
disrespectful,3,0,3
allegro,3,0,3
contra,3,0,3
overseas,3,0,3
beigl,3,0,3
fei,3,0,3
unconventional,3,0,3
tweets,3,0,3
vessel,3,0,3
missouri,3,0,3
needs,3,0,3
wane,3,0,3
immortalize,3,0,3
soviet,3,0,3
elaine,3,0,3
collegial,3,0,3
laufenberg,3,0,3
480,3,0,3
dick,3,0,3
labyrinth,3,0,3
baran,3,0,3
ekg,3,0,3
filmustage,3,0,3
fero,3,0,3
metallic,3,0,3
songs,3,0,3
bradley,3,0,3
wandel,3,0,3
cereal,3,0,3
windle,3,0,3
orthopedic,3,0,3
dispose,3,0,3
impending,3,0,3
impatient,3,0,3
abdi,3,0,3
metaversum,3,0,3
130000,3,0,3
versatility,3,0,3
daycare,3,0,3
capgemini,3,0,3
lace,3,0,3
vertigo,3,0,3
relegation,3,0,3
windward,3,0,3
banczyk,3,0,3
higgins,3,0,3
fazin,3,0,3
worse,3,0,3
fang,3,0,3
dealership,3,0,3
meticulous,3,0,3
nationally,3,0,3
cumming,3,0,3
manga,3,0,3
communicating,3,0,3
contempt,3,0,3
helmuth,3,0,3
fans,3,0,3
cem,3,0,3
wirse,3,0,3
farrar,3,0,3
audeering,3,0,3
metric,3,0,3
fancy,3,0,3
diaboli,3,0,3
brandt,3,0,3
margot,3,0,3
proven,3,0,3
osborne,3,0,3
polo,3,0,3
vibrate,3,0,3
disempowerment,3,0,3
algorithmization,3,0,3
pegasus,3,0,3
tpu,3,0,3
colette,3,0,3
farming,3,0,3
verdict,3,0,3
mare,3,0,3
thanksgiving,3,0,3
lechhausen,3,0,3
aluminum,3,0,3
effects,2,1,3
bhmermann,3,0,3
colder,3,0,3
ramp,3,0,3
commonality,3,0,3
reich,3,0,3
tempting,3,0,3
hilderbrand,3,0,3
belgium,3,0,3
flatter,3,0,3
osaka,3,0,3
illustrious,3,0,3
margaret,3,0,3
rampant,3,0,3
illustrated,2,1,3
legalization,3,0,3
1986,3,0,3
4chan,3,0,3
crabtree,3,0,3
commute,3,0,3
believer,3,0,3
flock,3,0,3
sol,3,0,3
illinois,3,0,3
braslavsky,3,0,3
bots,3,0,3
inaugurate,3,0,3
margrethe,3,0,3
sama,3,0,3
punctuation,3,0,3
banality,3,0,3
mandalorian,3,0,3
flora,3,0,3
falcon,3,0,3
4d,3,0,3
spencer,3,0,3
helle,3,0,3
posse,2,1,3
amazons,3,0,3
botticelli,3,0,3
regulations,3,0,3
rafael,3,0,3
speechai,3,0,3
eleqtron,3,0,3
amanda,3,0,3
2000s,3,0,3
faltermaier,3,0,3
yougov,3,0,3
flickr,3,0,3
140000,3,0,3
screening,3,0,3
395,3,0,3
illusory,3,0,3
reorganization,3,0,3
helmholtz,3,0,3
speculates,3,0,3
metrobus,3,0,3
illuminated,3,0,3
reorient,3,0,3
nathalie,3,0,3
hinge,3,0,3
38th,3,0,3
caregiver,3,0,3
elevator,2,1,3
ramos,3,0,3
atwell,3,0,3
ba,3,0,3
trutht,3,0,3
alter,3,0,3
manifestation,3,0,3
censor,3,0,3
kung,3,0,3
pretaine,3,0,3
onion,3,0,3
altmaier,3,0,3
reif,3,0,3
dishbrain,3,0,3
flade,3,0,3
bouquet,3,0,3
baader,3,0,3
manipulated,3,0,3
alto,3,0,3
kunst,3,0,3
fashioned,3,0,3
reilly,3,0,3
reimbursement,3,0,3
unforeseeable,3,0,3
supervisor,3,0,3
targete,3,0,3
odar,3,0,3
renoir,3,0,3
saidthe,3,0,3
renovate,3,0,3
spear,3,0,3
electromagnetic,3,0,3
approximation,3,0,3
kunsthalle,3,0,3
viability,3,0,3
schultze,3,0,3
166,3,0,3
dishonest,3,0,3
didactics,3,0,3
inaccuracy,3,0,3
reiner,3,0,3
bastion,3,0,3
reinhardt,3,0,3
truthgpt,2,1,3
dissatisfaction,3,0,3
humanitie,2,0,2
ofdma,2,0,2
passkey,2,0,2
8176454,2,0,2
bingen,2,0,2
humanitarian,2,0,2
craze,2,0,2
dfaiin,2,0,2
miguel,2,0,2
capitalize,2,0,2
803,2,0,2
inaccessible,2,0,2
includes,2,0,2
dindorf,2,0,2
coute,2,0,2
sauna,2,0,2
qacc,2,0,2
incredulous,2,0,2
unfree,2,0,2
intentione,2,0,2
8421734,2,0,2
dialogical,2,0,2
impoverished,2,0,2
townspeople,2,0,2
dhv,2,0,2
institutions,2,0,2
puny,2,0,2
weighty,2,0,2
buxton,2,0,2
incompletely,2,0,2
ab,2,0,2
psychopath,2,0,2
aatip,2,0,2
incontinence,2,0,2
atmo,2,0,2
yyybg4nenf6vxwwtjzqhtml,2,0,2
puncture,2,0,2
qatarian,2,0,2
importer,2,0,2
weigend,2,0,2
importantly,2,0,2
incur,2,0,2
scandinavia,2,0,2
hulu,2,0,2
incompatible,2,0,2
hulk,2,0,2
cancio,2,0,2
hypersexualization,2,0,2
sb,2,0,2
bald,2,0,2
unforgivable,2,0,2
bytedance,2,0,2
cartel,2,0,2
sagen,2,0,2
dgfip,2,0,2
saucepan,2,0,2
incarnation,2,0,2
buxmann,2,0,2
unspeakable,2,0,2
852,2,0,2
sahra,2,0,2
hyperscaler,2,0,2
sahin,2,0,2
incognito,2,0,2
sautoy,2,0,2
ucits,2,0,2
canget,2,0,2
inter,2,0,2
wuttke,2,0,2
traben,2,0,2
tp,2,0,2
diner,2,0,2
migliano,2,0,2
impossibility,2,0,2
migraine,2,0,2
ding,2,0,2
canon,2,0,2
di,2,0,2
humorously,2,0,2
sagittarius,2,0,2
cartoonist,2,0,2
humility,2,0,2
couting,2,0,2
parting,2,0,2
humiliation,2,0,2
sadio,2,0,2
mehren,2,0,2
accidental,2,0,2
pun,2,0,2
rotation,2,0,2
buzzing,2,0,2
cousin,2,0,2
abc,2,0,2
canva,2,0,2
merry,2,0,2
suspension,2,0,2
mehta,2,0,2
diagonal,2,0,2
cramp,2,0,2
described,2,0,2
transforming,2,0,2
zou,2,0,2
switchblade,2,0,2
atm,2,0,2
2026according,2,0,2
dfl,2,0,2
descriptive,2,0,2
sadness,2,0,2
dfi,2,0,2
mertin,2,0,2
totalitarianism,2,0,2
weapons,2,0,2
rother,2,0,2
dignified,2,0,2
cashier,2,0,2
descript,2,0,2
inconspicuously,2,0,2
atman,2,0,2
describes,2,0,2
midst,2,0,2
humborg,2,0,2
optimistically,2,0,2
humiliating,2,0,2
rothkopf,2,0,2
weardevelopers,2,0,2
butz,2,0,2
weinbach,2,0,2
messi,2,0,2
insured,2,0,2
intelligencecan,2,0,2
rougher,2,0,2
pervert,2,0,2
accenture,2,0,2
dgsv,2,0,2
818,2,0,2
rot,2,0,2
au,2,0,2
hydro2x,2,0,2
carver,2,0,2
8367202,2,0,2
humanization,2,0,2
increased,2,0,2
transformers,2,0,2
casey,2,0,2
includedaltman,2,0,2
hygiene,2,0,2
saver,2,0,2
offender,2,0,2
crayion,2,0,2
capita,2,0,2
hunting,2,0,2
incompleteness,2,0,2
weissman,2,0,2
atypical,2,0,2
integrator,2,0,2
8599,2,0,2
cannibalize,2,0,2
diller,2,0,2
australians,2,0,2
unsafe,2,0,2
hurriedly,2,0,2
hurried,2,0,2
insulate,2,0,2
auctioneer,2,0,2
messemacher,2,0,2
audeere,1,1,2
miesepeter,2,0,2
intended,2,0,2
atrial,2,0,2
instrumentalize,2,0,2
bverfg,2,0,2
rotary,2,0,2
inappropriately,2,0,2
punitive,2,0,2
orca,2,0,2
audibly,2,0,2
intensification,2,0,2
improper,2,0,2
instructive,2,0,2
mein,2,0,2
rouch,2,0,2
inferentia,2,0,2
digitalngst,2,0,2
purepose,2,0,2
infusion,2,0,2
merantix,2,0,2
abraham,2,0,2
2030the,2,0,2
sandrine,2,0,2
publishe,2,0,2
rumble,2,0,2
deterministic,2,0,2
ie00bgv5vr99,2,0,2
memorie,2,0,2
ie00bgv5vn51,2,0,2
168,2,0,2
ie00b5l8k969,2,0,2
mi6,2,0,2
abt,2,0,2
develops,2,0,2
unselfishly,2,0,2
ie00byzk4669,2,0,2
iea,2,0,2
uipath,2,0,2
9150,2,0,2
pubmed,2,0,2
mhz,2,0,2
caring,2,0,2
sanders,2,0,2
im,2,0,2
trageser,2,0,2
ifit,2,0,2
detonate,2,0,2
ifight,2,0,2
rumpf,2,0,2
audits,2,0,2
ofto,2,0,2
industryto,2,0,2
sandpit,2,0,2
2030s,2,0,2
ofthe,2,0,2
carla,2,0,2
industrially,2,0,2
carlo,2,0,2
differential,2,0,2
mercede,2,0,2
ryoji,2,0,2
campion,2,0,2
indomitable,2,0,2
133,2,0,2
detergent,2,0,2
tran,2,0,2
98400,2,0,2
mice,2,0,2
salim,2,0,2
waterway,2,0,2
pullman,2,0,2
biologically,2,0,2
abubakar,2,0,2
caixin,2,0,2
detention,2,0,2
90000,2,0,2
identifie,2,0,2
bandmate,2,0,2
indra,2,0,2
idol,2,0,2
miami,2,0,2
idiot,2,0,2
ruling,2,0,2
campfire,2,0,2
cards,2,0,2
didactician,2,0,2
idiomatic,2,0,2
memorandum,2,0,2
attribution,2,0,2
methodological,2,0,2
tempelhof,2,0,2
induce,2,0,2
calculus,2,0,2
unregulate,2,0,2
ohio,2,0,2
ude,2,0,2
sanqiao,2,0,2
covet,2,0,2
watermaraing,2,0,2
bilder,2,0,2
hypocritical,2,0,2
bioengineere,2,0,2
absent,2,0,2
unreliability,1,1,2
ijop,2,0,2
devaluation,2,0,2
inflate,2,0,2
deus,2,0,2
iis,2,0,2
pueblo,2,0,2
9405632,2,0,2
detroit,2,0,2
caller,2,0,2
203000,2,0,2
bildde,2,0,2
illogical,2,0,2
wednesdaynew,2,0,2
devastate,2,0,2
oggpt,2,0,2
inflammation,2,0,2
infinity,2,0,2
auditorium,2,0,2
illiarch,2,0,2
petersburg,2,0,2
carelessness,2,0,2
infidelity,2,0,2
russ,2,0,2
deutschlanddigital,1,1,2
carer,2,0,2
iks,2,0,2
waterfalls,2,0,2
calming,2,0,2
169,2,0,2
wechat,2,0,2
temper,2,0,2
swamp,2,0,2
ijspeert,2,0,2
sylt,2,0,2
ijspeer,2,0,2
trainium,2,0,2
abruptly,2,0,2
traitor,2,0,2
9291052,2,0,2
trailhead,2,0,2
meticulously,2,0,2
mhairi,2,0,2
biocomputer,2,0,2
ines,2,0,2
informatics,2,0,2
sanctionable,2,0,2
audition,2,0,2
sanctioning,2,0,2
unscrupulous,2,0,2
biographical,2,0,2
webradio,1,1,2
igital,2,0,2
carie,2,0,2
carina,2,0,2
purist,2,0,2
saloon,2,0,2
developers,2,0,2
973272,2,0,2
inexhaustible,2,0,2
swam,2,0,2
traiye,2,0,2
wst,2,0,2
absorption,2,0,2
watercolor,2,0,2
2030it,2,0,2
orbit,2,0,2
developedcan,2,0,2
menz,2,0,2
sampling,2,0,2
swat,2,0,2
sylvesterai,2,0,2
abstractly,2,0,2
infolks,2,0,2
polemic,2,0,2
ignorant,2,0,2
salute,2,0,2
purple,2,0,2
cowan,2,0,2
abundant,2,0,2
identifiable,2,0,2
injunctive,2,0,2
impede,2,0,2
destabilize,2,0,2
wegner,2,0,2
impenetrable,2,0,2
insidious,2,0,2
ulf,2,0,2
885,2,0,2
imperative,2,0,2
cram,2,0,2
iai,2,0,2
digitalchatgpt,2,0,2
yyybg4nenf6vxwwtml,2,0,2
imperfection,2,0,2
cars,2,0,2
despot,2,0,2
diarrhea,2,0,2
pulsate,2,0,2
diaries,2,0,2
carrot,2,0,2
canassist,2,0,2
insights,2,0,2
indexical,2,0,2
icc,2,0,2
pubescent,2,0,2
meteorite,2,0,2
inscription,2,0,2
9405,2,0,2
toussaint,2,0,2
suvin,2,0,2
ibreakphoto,2,0,2
sasha,2,0,2
ibms,2,0,2
impaired,2,0,2
rss,2,0,2
binks,2,0,2
satanian,2,0,2
wegen,2,0,2
dicaprio,2,0,2
imparting,2,0,2
microorganism,2,0,2
cars2022,2,0,2
michaela,2,0,2
biomechanic,2,0,2
instadep,2,0,2
towel,2,0,2
c3,2,0,2
unsettled,2,0,2
ug,2,0,2
royals,2,0,2
sussexes,2,0,2
meissner,2,0,2
weibliche,2,0,2
bz,2,0,2
pulst,2,0,2
installative,2,0,2
installer,2,0,2
1600,2,0,2
captcha,2,0,2
diamond,2,0,2
accelerated,2,0,2
abiotic,2,0,2
microsatellite,2,0,2
covenant,2,0,2
instability,2,0,2
impetus,2,0,2
1623,2,0,2
uighers,2,0,2
transcultural,2,0,2
attache,2,0,2
weaver,2,0,2
weave,2,0,2
sweeping,2,0,2
meistersinger,2,0,2
8701592a,2,0,2
accadaric,2,0,2
digitality,2,0,2
insta,2,0,2
sairt,2,0,2
bings,2,0,2
micror,2,0,2
indefinitely,2,0,2
binomic,2,0,2
swivel,2,0,2
pfau,2,0,2
tencent,2,0,2
sapin,2,0,2
methane,2,0,2
rudolf,2,0,2
unrecognizable,2,0,2
tenderly,2,0,2
immeasurably,2,0,2
wefelscheid,2,0,2
innermost,2,0,2
publicist,2,0,2
members,2,0,2
idc,2,0,2
2030this,2,0,2
digestible,2,0,2
sapmicrosoft,2,0,2
oq,2,0,2
webcams,2,0,2
9455,2,0,2
inmate,2,0,2
rugge,2,0,2
insanely,2,0,2
audiovisual,2,0,2
touching,2,0,2
tendent,2,0,2
salesland,2,0,2
campos,2,0,2
8,2,0,2
attendance,2,0,2
rz627bgydvgjtg25q7hil3gch4html,2,0,2
idealize,2,0,2
ruhr,2,0,2
9876555,2,0,2
idealization,2,0,2
immanuel,2,0,2
covert,2,0,2
immas,2,0,2
tranquil,2,0,2
salesky,2,0,2
indiscriminately,2,0,2
indignation,2,0,2
innocently,2,0,2
crichton,2,0,2
innovant,2,0,2
inquiries,2,0,2
rtl2,2,0,2
wwdc,2,0,2
8936152,2,0,2
inria,2,0,2
tourneo,2,0,2
162,2,0,2
rt6,2,0,2
symposium,2,0,2
rt5,2,0,2
icelandic,2,0,2
iceland,2,0,2
creating,2,0,2
criminalize,2,0,2
polite,2,0,2
tenderness,2,0,2
meteorological,2,0,2
inquirie,2,0,2
balenciaga,2,0,2
ico,2,0,2
orbs,2,0,2
unreported,2,0,2
crafter,2,0,2
rubn,2,0,2
abnormal,2,0,2
tottenham,2,0,2
caddy,2,0,2
immer,2,0,2
merciless,2,0,2
polen,2,0,2
polar,2,0,2
sara,2,0,2
ict,2,0,2
pupils,2,0,2
mick,2,0,2
suvrit,2,0,2
digita,2,0,2
caritas,2,0,2
jurgen,2,0,2
intercourse,2,0,2
daube,2,0,2
ramaphosa,2,0,2
ramadani,2,0,2
leaders,2,0,2
truthful,2,0,2
404,2,0,2
rama,2,0,2
mankovsai,2,0,2
blizzard,2,0,2
lcd,2,0,2
dating,2,0,2
mannarkkad,2,0,2
lbeck,2,0,2
lbbe,2,0,2
bowling,2,0,2
reisen,2,0,2
truthfully,2,0,2
reinsurance,2,0,2
badeners,2,0,2
wirecard,2,0,2
leash,1,1,2
worldline,2,0,2
rein,2,0,2
learningrtificial,2,0,2
reindeer,2,0,2
3it,2,0,2
tvin,2,0,2
bourne,2,0,2
learned,2,0,2
plessner,2,0,2
reinstall,2,0,2
tvit,2,0,2
tarantino,2,0,2
ramat,2,0,2
reitsch,2,0,2
pli,2,0,2
dataism,2,0,2
layman,2,0,2
bracha,2,0,2
wingcopter,2,0,2
relativistic,2,0,2
416,2,0,2
peel,2,0,2
laughs,2,0,2
418677,2,0,2
brachman,2,0,2
bracht,2,0,2
curb,2,0,2
badness,2,0,2
420,2,0,2
42000,2,0,2
421,2,0,2
trumpf,2,0,2
tanya,2,0,2
laut,2,0,2
badge,2,0,2
trusted,2,0,2
laylo,2,0,2
231023,2,0,2
155,2,0,2
lax,2,0,2
universitt,2,0,2
azoulay,2,0,2
lawto,2,0,2
lava,2,0,2
davide,2,0,2
manor,2,0,2
winning,2,0,2
bozesan,2,0,2
bpi,2,0,2
relational,2,0,2
reimer,2,0,2
universitie,2,0,2
maluma,2,0,2
leitmotif,2,0,2
231119,2,0,2
technion,2,0,2
231114,2,0,2
babbel,2,0,2
darna,2,0,2
bosworth,2,0,2
36000,2,0,2
361,2,0,2
daron,2,0,2
darpa,2,0,2
randall,2,0,2
wisely,2,0,2
pelvic,2,0,2
tschernomyrdin,2,0,2
plenary,2,0,2
leoni,2,0,2
wistful,2,0,2
leopold,2,0,2
lessonsfrom,2,0,2
leukemia,2,0,2
lettering,2,0,2
tseng,2,0,2
darken,2,0,2
letsch,2,0,2
lesswrong,2,0,2
lessons,2,0,2
231120,2,0,2
witch,2,0,2
bacterium,2,0,2
pelvis,2,0,2
regeneration,2,0,2
reggaeton,2,0,2
leppin,2,0,2
regression,2,0,2
perfume,2,0,2
baaing,2,0,2
regrettably,2,0,2
393,2,0,2
3967,2,0,2
legality,2,0,2
pegg,2,0,2
3according,2,0,2
bloated,2,0,2
leffler,2,0,2
manfre,2,0,2
bottomless,2,0,2
boucher,2,0,2
led,2,0,2
3gpt,2,0,2
lecter,2,0,2
lecs,2,0,2
leclerc,2,0,2
legged,2,0,2
plenum,2,0,2
legion,2,0,2
leica,2,0,2
leiten,2,0,2
curiously,2,0,2
376,2,0,2
zwei,2,0,2
leila,2,0,2
386,2,0,2
lehmann,2,0,2
regulative,2,0,2
regulated,2,0,2
mandarin,2,0,2
tschenscher,2,0,2
231101,2,0,2
peggy,2,0,2
blob,2,0,2
bracket,2,0,2
zaha,2,0,2
lately,2,0,2
kubricks,2,0,2
brandon,2,0,2
kunstverein,2,0,2
kunstliche,2,0,2
deaf,2,0,2
reno,2,0,2
wilhelmsburg,2,0,2
raffelhschen,2,0,2
1418532,2,0,2
wilhelm,2,0,2
kuka,2,0,2
kuenstlichen,2,0,2
kuenliche,2,0,2
marginalize,2,0,2
raffael,2,0,2
kuemmern,2,0,2
kunze,2,0,2
ayatollah,2,0,2
kuronet,2,0,2
kwh,2,0,2
489,2,0,2
490,2,0,2
230717,2,0,2
kyra,2,0,2
kyiv,2,0,2
bliede,2,0,2
kver,2,0,2
renegade,2,0,2
pedestal,2,0,2
kuyda,2,0,2
495,2,0,2
kutcher,2,0,2
rendering,2,0,2
kurz,2,0,2
kuch,2,0,2
ku,2,0,2
manthia,1,1,2
plurality,2,0,2
pluto,2,0,2
pedagogically,2,0,2
krieg,2,0,2
debose,2,0,2
marijuana,2,0,2
bravely,2,0,2
kretschmer,2,0,2
wildbook,2,0,2
debriefing,2,0,2
4it,2,0,2
awlul,2,0,2
14000,2,0,2
4lighysskraerol72cktbj2hahtml,2,0,2
krei,2,0,2
replicant,2,0,2
230526,2,0,2
cultures,1,1,2
repellent,2,0,2
ax,2,0,2
ksh,2,0,2
reorientation,2,0,2
reparation,2,0,2
krubasik,2,0,2
repayment,2,0,2
marguerita,2,0,2
marian,2,0,2
debarka,2,0,2
repeatable,2,0,2
aww,2,0,2
talaing,2,0,2
wilder,2,0,2
kritik,2,0,2
kristin,2,0,2
trowel,2,0,2
cupertino,2,0,2
48000,2,0,2
unknowingly,2,0,2
relic,2,0,2
daylight,2,0,2
dayma,2,0,2
rainfall,2,0,2
manyexpectations,2,0,2
langdon,2,0,2
relish,2,0,2
reload,1,1,2
reloaded,2,0,2
relocation,2,0,2
25,2,0,2
ayrton,2,0,2
blife,2,0,2
454,2,0,2
dazzle,2,0,2
230910,2,0,2
lap,2,0,2
lapel,2,0,2
230925,2,0,2
windsor,2,0,2
lash,2,0,2
lascivious,2,0,2
231002,2,0,2
larynx,2,0,2
relentlessly,2,0,2
daydreamer,2,0,2
lapse,2,0,2
43000,2,0,2
4317834,2,0,2
worldview,2,0,2
439,2,0,2
lara,2,0,2
rainy,2,0,2
landal,2,0,2
willy,2,0,2
dazzling,2,0,2
taming,2,0,2
marburg,2,0,2
bliese,2,0,2
lada,2,0,2
4684363,2,0,2
230720,2,0,2
pediatrician,2,0,2
4706975,2,0,2
ladish,2,0,2
laceration,2,0,2
remix,2,0,2
remixe,2,0,2
troy,2,0,2
remnant,2,0,2
laborer,2,0,2
dcimo,2,0,2
trucks,2,0,2
ayleen,2,0,2
lam,2,0,2
230828,2,0,2
mapping,2,0,2
remake,2,0,2
brainfm,2,0,2
1438164,2,0,2
brainrain,2,0,2
lakestar,2,0,2
laevis,2,0,2
worm,2,0,2
dbuzz,2,0,2
marabu,2,0,2
remedie,2,0,2
lagos,2,0,2
464,2,0,2
231128,2,0,2
malu,2,0,2
meergans,2,0,2
pent,2,0,2
2502,2,0,2
2800,2,0,2
bohr,2,0,2
rebellion,2,0,2
boie,2,0,2
rata,2,0,2
boiler,2,0,2
rebuilt,2,0,2
blossom,2,0,2
loom,2,0,2
lookx,2,0,2
magdalena,2,0,2
opdenhvel,2,0,2
2834682,2,0,2
daddy,2,0,2
280,2,0,2
maestro,2,0,2
mae,2,0,2
madonna,2,0,2
loving,2,0,2
madinat,2,0,2
lovely,2,0,2
dac,2,0,2
tunis,2,0,2
2792,2,0,2
wop,2,0,2
lotto,2,0,2
zwoter,2,0,2
lounge,2,0,2
mads,2,0,2
boftain,2,0,2
dachshund,2,0,2
wool,2,0,2
bacherle,2,0,2
28b,2,0,2
blown,2,0,2
bolle,2,0,2
bomber,2,0,2
penny,2,0,2
bonasera,2,0,2
localization,2,0,2
rasgon,2,0,2
dahlem,2,0,2
dahmen,2,0,2
lobbyism,2,0,2
lobbying,2,0,2
woll,2,0,2
magnificent,2,0,2
cutting,2,0,2
reckon,2,0,2
150000,2,0,2
reckoning,2,0,2
lockbits,2,0,2
5,2,0,2
lockdowns,2,0,2
tumble,2,0,2
dafne,2,0,2
raspberry,2,0,2
tbi,2,0,2
tumbling,2,0,2
bologna,2,0,2
recess,2,0,2
magically,2,0,2
opacity,2,0,2
logicist,2,0,2
recharge,2,0,2
loewe,2,0,2
dagmar,2,0,2
bombard,2,0,2
locker,2,0,2
274,2,0,2
272,2,0,2
356,2,0,2
macroeconomic,2,0,2
teaser,2,0,2
ratschew,2,0,2
lutsch,2,0,2
machtion,2,0,2
lush,2,0,2
lusatian,2,0,2
mack,2,0,2
workbook,2,0,2
bmgf,2,0,2
reactive,2,0,2
blum,2,0,2
rationally,2,0,2
turbulent,2,0,2
lunar,2,0,2
cynical,2,0,2
luxembourg,2,0,2
luxurious,2,0,2
rck,2,0,2
lyse,2,0,2
percentthe,2,0,2
blurred,2,0,2
259,2,0,2
m1,2,0,2
mach,2,0,2
cyborgs,2,0,2
lyrics,2,0,2
openaicomlog,2,0,2
cybrothel,2,0,2
backgrounds,2,0,2
lyra,2,0,2
cyclical,2,0,2
lynne,2,0,2
lynch,2,0,2
263,2,0,2
workaholic,2,0,2
boddenberg,2,0,2
macrofocus,2,0,2
lucaily,2,0,2
realignment,2,0,2
lu2195226068,2,0,2
lu,2,0,2
ltzowplatz,2,0,2
ltzerath,2,0,2
rationalism,2,0,2
lte,2,0,2
madam,2,0,2
252000,2,0,2
tunnel23,2,0,2
openal,2,0,2
252,2,0,2
perceptible,2,0,2
lpertz,2,0,2
openaa,2,0,2
lucasfilm,2,0,2
playboy,2,0,2
luise,2,0,2
macromedia,2,0,2
pept1,2,0,2
cynicism,2,0,2
readiness,2,0,2
reaffirm,2,0,2
luka,2,0,2
269,2,0,2
270,2,0,2
luis,2,0,2
openaid,2,0,2
realbotix,2,0,2
wordtune,2,0,2
ludwigsburg,2,0,2
ludwigs,2,0,2
tay,2,0,2
recognizability,2,0,2
wolfsburgers,2,0,2
curry,2,0,2
referate,2,0,2
lifeguard,2,0,2
makeshift,2,0,2
withthe,2,0,2
withstand,2,0,2
makeup,2,0,2
referendum,2,0,2
universally,2,0,2
maktoum,2,0,2
ttct,2,0,2
liefs,2,0,2
liefing,2,0,2
refinance,2,0,2
liebscher,2,0,2
blogpost,2,0,2
dangerthat,2,0,2
bored,2,0,2
makerspace,2,0,2
booting,2,0,2
329000,2,0,2
booster,2,0,2
majidi,2,0,2
236,2,0,2
curtain,2,0,2
wittgenstein,2,0,2
makatsch,2,0,2
reeves,2,0,2
bora,2,0,2
pendulum,2,0,2
reels,2,0,2
borderstep,2,0,2
lifting,2,0,2
witless,2,0,2
penchant,2,0,2
refinement,2,0,2
bonnaire,2,0,2
rangnick,2,0,2
zana,2,0,2
darf,2,0,2
wither,2,0,2
tutorial,2,0,2
lhe,2,0,2
bosnia,2,0,2
lgbtqiacommunity,2,0,2
lgbtq,2,0,2
refuge,2,0,2
malte,2,0,2
lexicon,2,0,2
taskbar,2,0,2
babel,2,0,2
levidow,2,0,2
levesque,2,0,2
refrained,2,0,2
231129,2,0,2
liberalize,2,0,2
ranga,2,0,2
world202328,2,0,2
3400,2,0,2
danone,2,0,2
231130,2,0,2
tassilo,2,0,2
malea,2,0,2
343bgpagkzga5d2txbz7t6ukqhtml,2,0,2
maliciously,2,0,2
boron,2,0,2
malibu,2,0,2
liberty,2,0,2
liberties,2,0,2
borrower,2,0,2
darbinjan,2,0,2
witty,2,0,2
3266382,2,0,2
tataouine,2,0,2
23rd,2,0,2
bookkeepe,2,0,2
taxable,2,0,2
wojtczak,2,0,2
mahsa,2,0,2
books,2,0,2
maid,2,0,2
306,2,0,2
recourse,2,0,2
247,2,0,2
dam,2,0,2
babylon,2,0,2
lips,2,0,2
wnsch,2,0,2
backup,2,0,2
taunus,2,0,2
recorded,2,0,2
wolfangel,2,0,2
wolff,2,0,2
livestock,2,0,2
rarity,2,0,2
llc,2,0,2
recombination,2,0,2
wolfratshausen,1,1,2
maham,2,0,2
liveticker,2,0,2
mahbouba,2,0,2
lithium,2,0,2
mahler,2,0,2
liveliness,2,0,2
techmagazin,2,0,2
booch,2,0,2
reconstructed,2,0,2
turtleneck,2,0,2
taufairchen,2,0,2
lint,2,0,2
rectangle,2,0,2
redistribution,2,0,2
playoff,2,0,2
limits,2,0,2
10,2,0,2
dana,2,0,2
redistribute,2,0,2
customary,2,0,2
limb,2,0,2
linchpin,2,0,2
lim,2,0,2
babuschain,2,0,2
lilium,2,0,2
lilie,2,0,2
144,2,0,2
maja,2,0,2
320,2,0,2
blonde,2,0,2
rectangular,2,0,2
24000,2,0,2
mainka,2,0,2
backward,2,0,2
linh,2,0,2
raphael,2,0,2
damm,2,0,2
turtles,2,0,2
2400,2,0,2
tattoo,2,0,2
bookshelf,2,0,2
playmate,2,0,2
bookshop,2,0,2
31st,2,0,2
redeemer,2,0,2
bookstore,2,0,2
replicas,2,0,2
decay,2,0,2
brbel,2,0,2
olympiad,2,0,2
crushed,2,0,2
69i54649l2409j0j7,2,0,2
buhlert,2,0,2
quentin,2,0,2
queer,2,0,2
queensland,2,0,2
jansen,2,0,2
demi,2,0,2
mba,2,0,2
jana,2,0,2
mbit,2,0,2
mc,2,0,2
jakobus,2,0,2
53765,2,0,2
jahr,2,0,2
13b,2,0,2
pauli,2,0,2
demented,2,0,2
wressnegger,2,0,2
budgetary,2,0,2
rio,2,0,2
jd,2,0,2
demarcation,2,0,2
javascript,2,0,2
buenos,2,0,2
jassy,2,0,2
wrest,2,0,2
bitch,2,0,2
querels,2,0,2
ripcord,2,0,2
jasmin,2,0,2
poetically,2,0,2
treatise,2,0,2
ritual,2,0,2
jacques,2,0,2
jefferies,2,0,2
tread,2,0,2
rndk,2,0,2
demography,2,0,2
patter,2,0,2
patronize,2,0,2
biselli,2,0,2
itit,2,0,2
itis,2,0,2
roadrunner,2,0,2
mdep,2,0,2
demon,2,0,2
crumple,2,0,2
demonic,2,0,2
roaster,2,0,2
713,2,0,2
robak,2,0,2
quarrel,2,0,2
708,2,0,2
7035262,2,0,2
mccracken,2,0,2
olympia,2,0,2
jackman,2,0,2
139,2,0,2
unoccupied,2,0,2
jacaie,2,0,2
zac,2,0,2
trck,2,0,2
rna,2,0,2
ivanka,2,0,2
iv,2,0,2
iudex,2,0,2
travels,2,0,2
rlz1c1gceben,2,0,2
quarry,2,0,2
6965,2,0,2
jehring,2,0,2
trophy,2,0,2
paw,2,0,2
delevska,2,0,2
queue,2,0,2
wreck,2,0,2
brynjolfson,2,0,2
6659123,2,0,2
persona,2,0,2
wetware,2,0,2
joel,2,0,2
rider,2,0,2
jodie,2,0,2
delicacy,2,0,2
jobteaser,2,0,2
platformer,2,0,2
jobs278437235,2,0,2
cryoelectron,2,0,2
joker,2,0,2
wreathe,2,0,2
221000,2,0,2
jorge,2,0,2
221014,2,0,2
ricciardo,2,0,2
bruns,2,0,2
payer,2,0,2
joschka,2,0,2
65000,2,0,2
payable,2,0,2
paxon,2,0,2
techs,2,0,2
t61,2,0,2
typeingmindcom,2,0,2
richterzeitung,2,0,2
wfa,2,0,2
omission,2,0,2
unimagined,2,0,2
ominous,2,0,2
jein,2,0,2
joaingly,2,0,2
typewriter,2,0,2
deloitte,2,0,2
szientism,2,0,2
bitmatta,2,0,2
delusional,2,0,2
maximization,2,0,2
jeopardy,2,0,2
omega,2,0,2
buckle,2,0,2
jenner,2,0,2
rim,2,0,2
215,2,0,2
6917374,2,0,2
214,2,0,2
budapest,2,0,2
220,2,0,2
2200,2,0,2
jetzt,2,0,2
paved,2,0,2
joachimsthaler,2,0,2
673,2,0,2
pavis,2,0,2
riese,2,0,2
22000,2,0,2
riethmller,2,0,2
unobserve,2,0,2
maxim,2,0,2
deliverer,2,0,2
jil,2,0,2
jiang,2,0,2
deliverie,2,0,2
bua,2,0,2
67the,2,0,2
werst,2,0,2
me3,2,0,2
7139,2,0,2
interviewer,2,0,2
romanticize,2,0,2
intruder,2,0,2
burner,2,0,2
welzower,2,0,2
depress,2,0,2
burning,2,0,2
zdfthe,2,0,2
7910833,2,0,2
intimacy,2,0,2
inthis,2,0,2
patiently,2,0,2
intex,2,0,2
qu,2,0,2
deprivation,2,0,2
burschka,2,0,2
burlesque,2,0,2
ubermetrics,2,0,2
burj,2,0,2
patriarch,2,0,2
points,2,0,2
burdaprincipal,2,0,2
mecker,2,0,2
depends,2,0,2
birch,2,0,2
inviolable,2,0,2
unpredictability,2,0,2
median,2,0,2
quadbeck,2,0,2
wendtner,2,0,2
wendt,2,0,2
inverse,2,0,2
romania,2,0,2
romanian,2,0,2
ubi,2,0,2
burt,2,0,2
138,2,0,2
7954508,2,0,2
meditate,2,0,2
rosemary,2,0,2
rosenbach,2,0,2
oledin,2,0,2
translationif,2,0,2
biopic,2,0,2
oled,2,0,2
synonymously,2,0,2
dermatological,2,0,2
uniformly,2,0,2
transitional,2,0,2
synesthesia,2,0,2
medwedew,2,0,2
roskomnadsor,2,0,2
butterick,2,0,2
internationalization,2,0,2
rosberg,2,0,2
deregistere,2,0,2
syntactic,2,0,2
busch,2,0,2
croatian,2,0,2
buses,1,1,2
persuasion,2,0,2
qtrees,2,0,2
derail,2,0,2
bussche,2,0,2
transliter,2,0,2
wrotethe,2,0,2
bust,2,0,2
medien189,2,0,2
rope,2,0,2
qkd,2,0,2
rosacea,2,0,2
ionic,2,0,2
ionos,2,0,2
mechanize,2,0,2
oligarch,2,0,2
bumble,2,0,2
isnot,2,0,2
pointe,2,0,2
islands,2,0,2
islamist,2,0,2
islamic,2,0,2
demoscopy,2,0,2
isi,2,0,2
demystify,2,0,2
737,2,0,2
robota,2,0,2
isf,2,0,2
robote,2,0,2
werneke,2,0,2
syrian,2,0,2
iso,2,0,2
trarbach,2,0,2
unpack,2,0,2
patronage,2,0,2
718,2,0,2
istoxx,2,0,2
unimaginably,2,0,2
isto,2,0,2
isthe,2,0,2
traton,2,0,2
bullock,2,0,2
72nd,2,0,2
demonstrative,2,0,2
robles,2,0,2
724,2,0,2
725,2,0,2
israelis,2,0,2
demonstratively,2,0,2
means,2,0,2
bundesbahn,2,0,2
isabelle,2,0,2
mechanicalthe,2,0,2
137000,2,0,2
meb,2,0,2
crossroad,2,0,2
ipos,2,0,2
tegernsee,2,0,2
750000,2,0,2
mechanics,2,0,2
iraq,2,0,2
autobot,2,0,2
wer,2,0,2
ipads,2,0,2
uaps,2,0,2
mechanization,2,0,2
ip,2,0,2
bunte,2,0,2
measuring,2,0,2
dengler,2,0,2
zug,2,0,2
denial,2,0,2
denker,2,0,2
personify,2,0,2
irritability,2,0,2
synthia,2,0,2
denominator,2,0,2
irregular,2,0,2
bunny,2,0,2
quake,2,0,2
62,2,0,2
2074,2,0,2
werden,2,0,2
irisscan,2,0,2
irishman,2,0,2
journalistically,2,0,2
ricard,2,0,2
brugger,2,0,2
martinsried,2,0,2
534,2,0,2
5361133,2,0,2
brick,2,0,2
537,2,0,2
pnn,2,0,2
marten,2,0,2
54only,2,0,2
ophthalmology,2,0,2
deductible,2,0,2
kleemann,2,0,2
deed,2,0,2
555,2,0,2
klarna,1,1,2
klara,2,0,2
martini,2,0,2
rack,2,0,2
cubit,2,0,2
resound,2,0,2
resistor,2,0,2
brentano,2,0,2
breslau,2,0,2
trk,2,0,2
avoidable,2,0,2
32,2,0,2
5277845,2,0,2
230404,2,0,2
brhl,2,0,2
kna,2,0,2
decorative,2,0,2
perpetuate,2,0,2
avocado,2,0,2
racoon,2,0,2
klobasa,2,0,2
twilight,2,0,2
restoration,2,0,2
kendrick,2,0,2
kla,2,0,2
resurrection,2,0,2
whitevoid,2,0,2
kessler,2,0,2
whiteboard,2,0,2
575,2,0,2
deeple,2,0,2
retaliation,2,0,2
racer,2,0,2
brilliance,2,0,2
blah,2,0,2
cto,2,0,2
reticulum,2,0,2
kennedyswan,2,0,2
kennedy,2,0,2
maschen,2,0,2
unmentioned,2,0,2
marxist,2,0,2
ctrl,2,0,2
restrictively,2,0,2
platitude,2,0,2
martius,2,0,2
khosla,2,0,2
martphone,2,0,2
blanchett,2,0,2
khanmigo,2,0,2
khalifa,2,0,2
racetrack,2,0,2
twister,2,0,2
blair,2,0,2
raceway,2,0,2
unmatched,2,0,2
marxian,2,0,2
tage,2,0,2
knight,2,0,2
pneumonia,2,0,2
troi,2,0,2
brendan,2,0,2
maritta,2,0,2
trope,2,0,2
breaker,2,0,2
repression,2,0,2
marius,2,0,2
reproducibility,2,0,2
reproducible,2,0,2
korsche,2,0,2
breakneck,2,0,2
korinek,2,0,2
korian,2,0,2
reprogramme,2,0,2
reptile,2,0,2
bleenco,2,0,2
kopilot,2,0,2
kovalainen,2,0,2
koziol,2,0,2
deceleration,2,0,2
kraljic,2,0,2
bre,2,0,2
radius,2,0,2
wig,2,0,2
marionette,2,0,2
krampus,2,0,2
blenderbot,1,1,2
krakow,2,0,2
reprehensible,2,0,2
blender,2,0,2
kraillinger,1,1,2
kraftwerk,2,0,2
reports,2,0,2
repository,2,0,2
reposte,2,0,2
bleeding,1,1,2
marker,2,0,2
koniku,2,0,2
knzelsau,2,0,2
worst,2,0,2
radicalize,2,0,2
researching,2,0,2
markwardt,2,0,2
culain,2,0,2
resemblance,2,0,2
deck,2,0,2
50th,2,0,2
twenty4tim,2,0,2
deckard,2,0,2
1400,2,0,2
230412,2,0,2
declan,2,0,2
knodel,2,0,2
decimate,2,0,2
marksburg,2,0,2
unmanageable,2,0,2
required,2,0,2
technologist,2,0,2
marketable,2,0,2
230503,2,0,2
breathtaaingly,2,0,2
kombat,2,0,2
twentieth,2,0,2
markets,2,0,2
pnas,2,0,2
dech,2,0,2
kolleg,2,0,2
markl,2,0,2
230426,2,0,2
koko,2,0,2
taiwanian,2,0,2
whitaker,2,0,2
kendall,2,0,2
persistently,2,0,2
quirky,2,0,2
justitia,1,1,2
trickery,2,0,2
brooker,2,0,2
broom,2,0,2
deform,2,0,2
defraud,2,0,2
defuse,2,0,2
221216,2,0,2
unnaturally,2,0,2
scanlon,2,0,2
oncology,2,0,2
deggendorf,2,0,2
rhames,2,0,2
2212,2,0,2
persist,2,0,2
brood,2,0,2
rewindai,2,0,2
brooch,1,1,2
kainz,2,0,2
revitalize,2,0,2
technostress,2,0,2
kalle,2,0,2
kale,2,0,2
mastodonsocial,2,0,2
brod,2,0,2
3593,2,0,2
bronze,2,0,2
kahnemann,2,0,2
trickster,2,0,2
kahn,2,0,2
definitive,2,0,2
kaempfen,2,0,2
revolverheld,2,0,2
221115,2,0,2
twt,2,0,2
kempf,2,0,2
rheinische,2,0,2
whereabouts,2,0,2
wheeler,2,0,2
tabea,2,0,2
wheelbase,2,0,2
jude,2,0,2
jubilee,2,0,2
jubilation,2,0,2
triathlon,2,0,2
cryptography,2,0,2
rhythmic,2,0,2
jstor,2,0,2
rias,2,0,2
dein,2,0,2
jpg,2,0,2
ribbon,2,0,2
brsian,2,0,2
paywatch,2,0,2
judiz,2,0,2
tribun,2,0,2
rheinland,2,0,2
autotune,2,0,2
quirk,2,0,2
oncological,2,0,2
jumeirah,2,0,2
603,2,0,2
julianne,2,0,2
persistence,2,0,2
610,2,0,2
browse,2,0,2
biz,2,0,2
1584,2,0,2
brse,2,0,2
juggle,2,0,2
2259324,2,0,2
kambrian,2,0,2
mastery,2,0,2
broadway,2,0,2
rettungs,2,0,2
whisperer,1,1,2
kazantsev,2,0,2
masculine,2,0,2
kayal,2,0,2
tact,2,0,2
mashup,2,0,2
masi,2,0,2
kattebcom,2,0,2
pdfs,2,0,2
blacklivesmatter,2,0,2
defcon,2,0,2
pocus,2,0,2
csa,2,0,2
mason,2,0,2
keanu,2,0,2
kearney,2,0,2
wound,2,0,2
tactical,2,0,2
58000,2,0,2
deepnudes,2,0,2
tactically,2,0,2
deeppaches,2,0,2
kellin,2,0,2
deeppakes,2,0,2
keine,2,0,2
keaton,2,0,2
retrieval,2,0,2
deepzen,2,0,2
briskly,2,0,2
585,2,0,2
perrier,2,0,2
deere,2,0,2
katalin,2,0,2
crystallography,2,0,2
defender,2,0,2
reviewer,2,0,2
karaganow,2,0,2
whip,2,0,2
kantar,2,0,2
deficient,2,0,2
quotive,2,0,2
podbregar,2,0,2
auxiliator,2,0,2
kardashians,2,0,2
pdf221007321pdf,2,0,2
mastermind,2,0,2
reviews,2,0,2
226,2,0,2
blackberry,2,0,2
kaminsai,2,0,2
technologythat,2,0,2
brittle,2,0,2
britta,2,0,2
revener,2,0,2
unmotivate,2,0,2
unmoved,2,0,2
230115,2,0,2
230104,2,0,2
karpiczenko,2,0,2
karp,2,0,2
5968166,2,0,2
karik,2,0,2
brittin,2,0,2
karlheinz,2,0,2
defensively,2,0,2
597753,2,0,2
taciturn,2,0,2
karim,2,0,2
psychoanalysis,2,0,2
nis,2,0,2
10576,2,0,2
frankenstein,2,0,2
bendzko,2,0,2
franzisco,2,0,2
thore,2,0,2
franois,2,0,2
usaand,2,0,2
structuring,2,0,2
frankfort,2,0,2
aitken,2,0,2
benedict,2,0,2
eccentric,2,0,2
structures,2,0,2
aitoday,2,0,2
ecg,2,0,2
franaie,2,0,2
usaas,2,0,2
primate,2,0,2
fraser,2,0,2
eberswalde,2,0,2
smodin,2,0,2
fredersiksen,2,0,2
clint,2,0,2
freezer,2,0,2
eavesdrop,2,0,2
freestyle,2,0,2
aitano,2,0,2
ebbinghaus,2,0,2
orphan,2,0,2
eberhard,2,0,2
aithat,2,0,2
thorny,2,0,2
stryd,2,0,2
frazer,1,1,2
fray,2,0,2
fravor,2,0,2
thornton,2,0,2
ebersberg,0,2,2
fragrant,2,0,2
fragmentary,2,0,2
nameless,2,0,2
nagyvaradi,2,0,2
baselitz,2,0,2
nagasaai,2,0,2
clover,2,0,2
fortress,2,0,2
nagelsmann,2,0,2
arbitrariness,2,0,2
priesthood,2,0,2
xu,2,0,2
aiunlike,2,0,2
nairobi,2,0,2
portray,2,0,2
vietnamese,2,0,2
formulas,2,0,2
naivety,2,0,2
beluegen,2,0,2
112,2,0,2
nadia,2,0,2
phrasesa,2,0,2
arcas,2,0,2
na,2,0,2
smog,2,0,2
fracture,2,0,2
smoky,2,0,2
convenient,2,0,2
fpstate,2,0,2
primarilytrack,2,0,2
thnen,2,0,2
aitty,2,0,2
110000,2,0,2
fourthly,2,0,2
cloth,2,0,2
fourteen,2,0,2
190000,2,0,2
primal,2,0,2
founders,2,0,2
foundations,2,0,2
freie,2,0,2
clink,2,0,2
freise,2,0,2
ftx,2,0,2
aishida,2,0,2
sleeper,2,0,2
orlando,2,0,2
cleanup,2,0,2
fuck,2,0,2
xm,2,0,2
zillinger,2,0,2
npr,2,0,2
cleanly,2,0,2
earhart,2,0,2
ft,2,0,2
fsv,2,0,2
fsm,2,0,2
ardaudiothekde,2,0,2
benevolently,2,0,2
frustrate,2,0,2
fugmann,2,0,2
fukushima,2,0,2
eating,2,0,2
clauses,2,0,2
slap,2,0,2
virtualize,2,0,2
functions,2,0,2
basal,2,0,2
functionally,2,0,2
zim,2,0,2
airtags,2,0,2
urso,2,0,2
virginia,2,0,2
studivz,2,0,2
musiala,2,0,2
thrash,2,0,2
packed,2,0,2
slavoj,2,0,2
xkool,2,0,2
fulfilling,2,0,2
violin,2,0,2
fruitful,2,0,2
frtsch,2,0,2
stud,2,0,2
slumbering,2,0,2
usa5,2,0,2
slusallel,2,0,2
clifton,2,0,2
usaa,2,0,2
unchecke,2,0,2
pab,2,0,2
frey,2,0,2
earlybird,2,0,2
aisuaheli,2,0,2
usaafter,2,0,2
ving,2,0,2
aisuch,2,0,2
frenzy,2,0,2
frenchman,2,0,2
eater,2,0,2
mutate,2,0,2
aist,2,0,2
slum,2,0,2
sluggishness,2,0,2
frt3,2,0,2
frsch,2,0,2
frost,2,0,2
clicaing,2,0,2
earrings,2,0,2
slogans,2,0,2
nozzle,2,0,2
slot,2,0,2
slovenes,2,0,2
clickable,2,0,2
archrival,2,0,2
noz,2,0,2
frister,2,0,2
benetton,2,0,2
1100,2,0,2
cms,2,0,2
2006his,2,0,2
airspace,2,0,2
flavor,2,0,2
algebra,2,0,2
zhaohui,2,0,2
coladose,2,0,2
stricken,2,0,2
undotated,2,0,2
yangs,2,0,2
aps,2,0,2
pity,2,0,2
thickest,2,0,2
flashlight,2,0,2
yankovic,2,0,2
basket4,2,0,2
overviews,2,0,2
collaborate,2,0,2
sollen,2,0,2
alia,2,0,2
flensburg,2,0,2
nationalist,2,0,2
fixler,2,0,2
fllkrug,2,0,2
114,2,0,2
cohort,2,0,2
edwin,2,0,2
coil,2,0,2
flop,2,0,2
soko,2,0,2
strictest,2,0,2
solana,2,0,2
flex,2,0,2
alexej,2,0,2
contrasts,2,0,2
nathan,2,0,2
solche,2,0,2
soldat,2,0,2
1144592,2,0,2
alfred,2,0,2
belgians,2,0,2
fixed,2,0,2
viennese,2,0,2
finite,2,0,2
overtook,2,0,2
finzi,2,0,2
192,2,0,2
finn,2,0,2
collecting,2,0,2
sometime,2,0,2
collectively,2,0,2
contraception,2,0,2
thales,2,0,2
ehi,2,0,2
ehrenbreitstein,2,0,2
finesse,2,0,2
finely,2,0,2
ehrenfeld,2,0,2
collide,2,0,2
collin,2,0,2
contractor,2,0,2
collected,2,0,2
sollte,2,0,2
alienate,2,0,2
approximate,2,0,2
fivethirtyight,2,0,2
collaborative,2,0,2
fitzner,2,0,2
usahabeck,2,0,2
presumptuous,2,0,2
fitforfun,2,0,2
presume,2,0,2
somebody,2,0,2
fission,2,0,2
contradicted,2,0,2
fisher,2,0,2
yao,2,0,2
vfx,2,0,2
prestige,2,0,2
nausea,2,0,2
thadden,2,0,2
nashville,2,0,2
alevi,2,0,2
alb,2,0,2
coarse,2,0,2
usaboee,2,0,2
forcyber,2,0,2
alarmed,2,0,2
stripel,2,0,2
naomi,2,0,2
alarmistic,2,0,2
edinburgh,2,0,2
physiotherapist,2,0,2
narayanan,2,0,2
narcissistic,2,0,2
sociable,2,0,2
albanese,2,0,2
albania,2,0,2
positioning,2,0,2
edited,2,0,2
nanotechnology,2,0,2
nanosatellite,2,0,2
alessandro,2,0,2
113,2,0,2
snorer,2,0,2
pixar,2,0,2
edag,2,0,2
cnbcthey,2,0,2
videoueberwachung,2,0,2
edda,2,0,2
physicists,2,0,2
foreword,2,0,2
zial,2,0,2
foresight,2,0,2
physiology,2,0,2
forensics,2,0,2
priceless,2,0,2
snv,2,0,2
coachman,2,0,2
aktuelle,2,0,2
victorious,2,0,2
cobain,2,0,2
fonda,2,0,2
pretrained,2,0,2
coffin,2,0,2
sofatutor,2,0,2
piutti,2,0,2
flyer,2,0,2
vicky,2,0,2
cog,2,0,2
yale,2,0,2
fluorescent,2,0,2
foncier,2,0,2
aquarium,2,0,2
vicinity,2,0,2
bashing,2,0,2
aqs,2,0,2
soften,2,0,2
softsaill,2,0,2
flowering,2,0,2
coffer,2,0,2
edp,2,0,2
foamblocke,2,0,2
bellingcat,2,0,2
societies,2,0,2
yaccarino,2,0,2
narrator,2,0,2
narrisch,2,0,2
editioncnncom,2,0,2
2004the,2,0,2
folding,2,0,2
cochran,2,0,2
orthodontist,2,0,2
foil,2,0,2
thimm,2,0,2
foggy,2,0,2
thigh,2,0,2
alchemy,2,0,2
thies,2,0,2
fundamentalist,2,0,2
slams,2,0,2
ehud,2,0,2
georgi,2,0,2
gerganov,2,0,2
gerecke,2,0,2
mrs,2,0,2
sideal,2,0,2
wysa,2,0,2
geoscience,2,0,2
palestinians,2,0,2
chronological,2,0,2
ticketmaster,2,0,2
ailg,2,0,2
chrzanowsai,2,0,2
procter,2,0,2
geologist,2,0,2
ailiansairche,2,0,2
xaver,2,0,2
siegel,2,0,2
bermes,2,0,2
gerjets,2,0,2
geodata,2,0,2
gernot,2,0,2
dryer,2,0,2
productions,2,0,2
shyamalan,2,0,2
gerstner,2,0,2
gerst,2,0,2
gerrit,2,0,2
gero,2,0,2
subjectively,2,0,2
mriam,2,0,2
aristotle,2,0,2
unattended,2,0,2
aikurian,2,0,2
coop,2,0,2
sichernmann,2,0,2
tictok,2,0,2
cooo,2,0,2
mucca,2,0,2
geo,2,0,2
mull,2,0,2
10570,2,0,2
sighting,2,0,2
cid,2,0,2
aimachine,2,0,2
aimany,2,0,2
generalized,2,0,2
generalization,2,0,2
proceedings,2,0,2
sigmund,2,0,2
sighted,2,0,2
signa,2,0,2
cigarette,2,0,2
berlinische,2,0,2
mug,2,0,2
palate,2,0,2
aimmel,2,0,2
vld,2,0,2
generators,2,0,2
generosity,2,0,2
subdiscipline,2,0,2
processes,2,0,2
paleontologist,2,0,2
chun,2,0,2
chunk,2,0,2
siemens2,2,0,2
2016with,2,0,2
siever,2,0,2
chunky,2,0,2
unattractive,2,0,2
duck,2,0,2
dubrovnik,2,0,2
genital,2,0,2
subconscious,2,0,2
10569the,2,0,2
genetically,2,0,2
subchapter,2,0,2
duchess,2,0,2
shut,2,0,2
mozambique,2,0,2
shuler,2,0,2
aigreat,2,0,2
aigives,2,0,2
ur,2,0,2
nvidiakeynoteatcomputex2023,2,0,2
shoplifting,2,0,2
mottlebot,2,0,2
chomeini,2,0,2
chongqing,2,0,2
giovanni,2,0,2
nvidiatatcomputex2023,2,0,2
wwwtheguardiancom,2,0,2
youtubers,2,0,2
shortcalled,2,0,2
volcano,2,0,2
gimbel,2,0,2
aiher,2,0,2
shorter,2,0,2
gives,2,0,2
driverseat,2,0,2
nuts,2,0,2
motivational,2,0,2
glitch,2,0,2
shitcoin,1,1,2
glissant,2,0,2
drinker,2,0,2
populationprovide,2,0,2
gleiss,2,0,2
dripping,2,0,2
nwi,2,0,2
upwards,1,1,2
driven,2,0,2
palmar,2,0,2
copeland,2,0,2
volksbank,2,0,2
chloramin,2,0,2
chlorine,2,0,2
chock,2,0,2
shorts,2,0,2
gilching,1,1,2
gilbert,2,0,2
ghostbuster,2,0,2
choupo,2,0,2
giannaai,2,0,2
movdtlntq5iixdgmrqwtg5rxr4html,2,0,2
shredder,2,0,2
ties,2,0,2
products,2,0,2
barrot,2,0,2
ghogare,2,0,2
volatility,2,0,2
submarket,2,0,2
mover,2,0,2
shrinkage,2,0,2
nutshell,2,0,2
drums,2,0,2
shudder,2,0,2
drunk,2,0,2
giants,2,0,2
gibberish,2,0,2
drpinghaus,2,0,2
voil,2,0,2
gila,2,0,2
gil,2,0,2
dropbox,2,0,2
submissive,2,0,2
gigaton,2,0,2
droplet,2,0,2
unemployent,2,0,2
gigahertz,2,0,2
tig,2,0,2
gigabit,2,0,2
palisades,2,0,2
volatile,2,0,2
giesinger,2,0,2
phonetic,2,0,2
showdown,2,0,2
berliners,2,0,2
xenobots,1,1,2
musenet,2,0,2
gadamer,2,0,2
sissie,2,0,2
gaia,2,0,2
gai,2,0,2
sisters,2,0,2
gage,2,0,2
pages,2,0,2
gaebler,2,0,2
airbag,2,0,2
gainful,2,0,2
gabi,2,0,2
sitte,2,0,2
2014the,2,0,2
g85,2,0,2
prix,2,0,2
airby,2,0,2
fynn,2,0,2
aipodium,2,0,2
aipeople,2,0,2
sixt,2,0,2
proactive,2,0,2
singular,2,0,2
1895,2,0,2
gamescom,1,1,2
aiother,2,0,2
aiour,2,0,2
gameplannerai,2,0,2
mumble,2,0,2
stupidly,2,0,2
dwarfs,2,0,2
sinus,2,0,2
argentina,2,0,2
sip,2,0,2
munch,2,0,2
undwas,2,0,2
siren,2,0,2
visualization,2,0,2
situational,2,0,2
futurologist,2,0,2
palais,2,0,2
skyline,2,0,2
barwick,2,0,2
clatter,2,0,2
furnish,2,0,2
mus,2,0,2
furby,2,0,2
furbie,2,0,2
xifan,2,0,2
dystopic,2,0,2
fust,2,0,2
skype,2,0,2
dystopically,2,0,2
skywalker,2,0,2
fungable,2,0,2
dz,2,0,2
funeral,2,0,2
slab,2,0,2
fussenegger,2,0,2
skoda,2,0,2
dynamically,2,0,2
dysfunctional,2,0,2
clash,2,0,2
photojournalism,2,0,2
paech,2,0,2
futurethe,2,0,2
skala,2,0,2
bartsch,2,0,2
futureoflifeorg,2,0,2
futureis,2,0,2
skewer,2,0,2
skeptically,2,0,2
aires,2,0,2
nsc,2,0,2
futurea,2,0,2
future36,2,0,2
privatization,2,0,2
airfield,2,0,2
vitae,2,0,2
gamingin,2,0,2
gan,2,0,2
vivien,2,0,2
gdr,2,0,2
pake,2,0,2
sim,2,0,2
vixal,2,0,2
probe,2,0,2
dump,2,0,2
bericht,2,0,2
multimillion,2,0,2
ge,2,0,2
stylish,2,0,2
vivek,2,0,2
tennant,2,0,2
gave,2,0,2
bergmann,2,0,2
gauting,1,1,2
vivantes,2,0,2
silo,2,0,2
berkman,2,0,2
gance,2,0,2
silently,2,0,2
geler,2,0,2
gel,2,0,2
188,2,0,2
xenophobic,2,0,2
vlad,2,0,2
signing,2,0,2
multidisciplinary,2,0,2
geforce,2,0,2
stylistically,2,0,2
cooker,2,0,2
silja,2,0,2
stylization,2,0,2
silke,2,0,2
multigp,2,0,2
multilateral,2,0,2
unavailable,2,0,2
pornhub,2,0,2
gaute,1,1,2
pajama,2,0,2
probabilistic,2,0,2
sinatra,2,0,2
10632,2,0,2
multitool,2,0,2
sincerity,2,0,2
throttle,2,0,2
sind,2,0,2
vitamin,2,0,2
stutter,2,0,2
unbalanced,2,0,2
aiof,2,0,2
ganten,2,0,2
singakademie,2,0,2
dusty,2,0,2
civilizational,2,0,2
pl,2,0,2
dutchman,2,0,2
berger,2,0,2
garmin,2,0,2
garnitz,2,0,2
probation,2,0,2
gau,2,0,2
null,2,0,2
nuisance,2,0,2
ainew,2,0,2
cooked,2,0,2
aingsley,2,0,2
zinkeler,2,0,2
citi,2,0,2
gastro,2,0,2
multipli,2,0,2
simultaneity,2,0,2
citigroup,2,0,2
gasag,2,0,2
viv,2,0,2
10600,2,0,2
presidents,2,0,2
finck,2,0,2
palmetshofer,2,0,2
eventful,2,0,2
stink,2,0,2
newsweek,2,0,2
evers,2,0,2
validation,2,0,2
concierge,2,0,2
eventuality,2,0,2
conciliatory,1,1,2
outpatient,2,0,2
thehumanity,2,0,2
pratchett,2,0,2
potasco,2,0,2
valery,2,0,2
stingy,2,0,2
evaporation,2,0,2
concord,2,0,2
emotionality,2,0,2
androoid,2,0,2
usern,2,0,2
evaluates,2,0,2
evolutionary,2,0,2
conceptually,2,0,2
andin,2,0,2
thatexample,2,0,2
yesilta,2,0,2
1964,2,0,2
vampire,2,0,2
bdsg,2,0,2
constitute,2,0,2
preach,1,1,2
evoke,2,0,2
preacher,2,0,2
zer,2,0,2
stabilization,2,0,2
outperformance,2,0,2
andre,2,0,2
constituency,2,0,2
concretely,2,0,2
andto,2,0,2
ethos,2,0,2
standards,2,0,2
euphorically,2,0,2
pineapple,2,0,2
stamina,2,0,2
anecdotically,2,0,2
nibble,2,0,2
bckler,2,0,2
conductive,2,0,2
nic,2,0,2
condo,2,0,2
eubut,2,0,2
bcis,2,0,2
1959,2,0,2
stanislav,2,0,2
stanowaja,2,0,2
ostermann,2,0,2
etr,2,0,2
ngos,2,0,2
stalk,2,0,2
evaluable,2,0,2
yewno,2,0,2
constanze,2,0,2
ev,2,0,2
euwith,2,0,2
euthis,2,0,2
understandably,2,0,2
batty,2,0,2
eurovision,2,0,2
stahl,2,0,2
conditions,2,0,2
stair,2,0,2
andwe,2,0,2
stairwell,2,0,2
pine,2,0,2
andwhat,2,0,2
stalin,2,0,2
pissarides,2,0,2
outraged20,2,0,2
vanilla,2,0,2
stirrie,2,0,2
existentially,2,0,2
expandable,2,0,2
pit,2,0,2
emea,2,0,2
1938,2,0,2
stoltze,2,0,2
neurosurgery,2,0,2
existing,2,0,2
neustadt,2,0,2
apache,2,0,2
compression,2,0,2
bearcover,2,0,2
compulsive,2,0,2
yellowstone,2,0,2
neutralize,2,0,2
anchorage,2,0,2
stokes,2,0,2
expanded,2,0,2
embolism,2,0,2
vanishav,2,0,2
1937,2,0,2
beastie,2,0,2
zervaais,2,0,2
ovation,2,0,2
spree,2,0,2
spremberg,1,1,2
experiences,2,0,2
analyzed,2,0,2
anarchic,2,0,2
outwit,0,2,2
expedition,2,0,2
expedient,2,0,2
piller,2,0,2
neurology,2,0,2
neuromancer,2,0,2
ouyang,2,0,2
postman,2,0,2
undifferentiated,2,0,2
vaterstetten,2,0,2
exhale,2,0,2
sra,2,0,2
beai,2,0,2
thelarge,2,0,2
stm,2,0,2
varia,2,0,2
emissary,2,0,2
battelle,2,0,2
vapor,2,0,2
sren,2,0,2
predatory,2,0,2
constraint,2,0,2
examplegenerate,2,0,2
exampleand,2,0,2
sridhar,2,0,2
andersson,2,0,2
emmanuelle,2,0,2
vanover,2,0,2
variance,2,0,2
stocaing,2,0,2
conbotics,2,0,2
exchangeable,2,0,2
stohn,2,0,2
exemplify,2,0,2
postulate,2,0,2
executable,2,0,2
theman,2,0,2
outsourcing,2,0,2
nevermore,2,0,2
emigration,2,0,2
yene,2,0,2
preclinical,2,0,2
emilia,2,0,2
aoai,2,0,2
andcan,2,0,2
excitedly,2,0,2
undetecte,2,0,2
etiquette,2,0,2
ethnologist,2,0,2
yoga,2,0,2
envelope,2,0,2
stefano,2,0,2
epd,2,0,2
endel,2,0,2
eon,2,0,2
ending,2,0,2
nikon,2,0,2
pious,2,0,2
stein,2,0,2
123,2,0,2
nils,2,0,2
entrie,2,0,2
steinbacher,2,0,2
ansiblehealth,2,0,2
utmcampaign,2,0,2
utler,2,0,2
antiquarian,2,0,2
stefanie,2,0,2
stefanek,2,0,2
otter,2,0,2
bayernwill,2,0,2
anns,2,0,2
equities,2,0,2
anomal,2,0,2
equilibrium,2,0,2
nik,2,0,2
nike,2,0,2
antiquity,2,0,2
endang,2,0,2
steered,2,0,2
nikkei,2,0,2
antiqueness,2,0,2
steeply,2,0,2
niko,2,0,2
epp,2,0,2
theaitchen,2,0,2
epistemological,2,0,2
bayerischer,2,0,2
endoplasmic,2,0,2
stapler,2,0,2
stepstone,2,0,2
anthropocentric,2,0,2
enjoyment,2,0,2
anthropological,2,0,2
anthropologist,2,0,2
undervalue,2,0,2
consequences,2,0,2
antidote,2,0,2
conservationist,2,0,2
nio,2,0,2
engadget,2,0,2
nirvana,2,0,2
stereotypical,2,0,2
nissan,2,0,2
engaged,2,0,2
stergar,2,0,2
sterilize,2,0,2
anthropics,2,0,2
consensual,2,0,2
conqueror,2,0,2
bayerische,2,0,2
endow,2,0,2
yitshak,2,0,2
nineteenth,2,0,2
utf,2,0,2
nkunku,2,0,2
endowment,2,0,2
1944,2,0,2
entertained,2,0,2
antennas,2,0,2
stewart,2,0,2
stella,2,0,2
nino,2,0,2
stellen,2,0,2
enschede,2,0,2
consecutive,2,0,2
stembauer,2,0,2
thatit,2,0,2
steamer,2,0,2
antisemitismdedocumentets2023,2,0,2
baza,2,0,2
emulate,2,0,2
essex,2,0,2
confiscate,2,0,2
essayist,2,0,2
outcry,2,0,2
esprit,2,0,2
espn,2,0,2
1955,2,0,2
confine,2,0,2
eso,2,0,2
niedersachsen,2,0,2
stile,2,0,2
stately,2,0,2
baywa,2,0,2
stihl,2,0,2
annabelle,2,0,2
establishe,2,0,2
ostriche,2,0,2
122,2,0,2
zentrum,0,2,2
ethnicity,2,0,2
conspicuous,2,0,2
ethik,2,0,2
potentate,2,0,2
anguilla,2,0,2
ether,2,0,2
thatin,2,0,2
stiller,2,0,2
emser,2,0,2
outer,2,0,2
ostracism,2,0,2
etfbecause,2,0,2
nickel,2,0,2
empower,2,0,2
yo,2,0,2
startet,2,0,2
niels,2,0,2
eschborn,2,0,2
niemann,2,0,2
steak,2,0,2
bayfev,2,0,2
ounce,2,0,2
undeserved,2,0,2
antitrust,2,0,2
annotated,2,0,2
erfurt,2,0,2
steady,2,0,2
conjugate,2,0,2
escaped,2,0,2
erdoan,2,0,2
erdmann,2,0,2
powerless,2,0,2
erders,2,0,2
erc,2,0,2
erbe,2,0,2
powerfully,2,0,2
erin,2,0,2
pinthe,2,0,2
1941,2,0,2
antje,2,0,2
pinkwart,2,0,2
congratulate,2,0,2
niesmann,2,0,2
1953,2,0,2
bayou,2,0,2
stigmatization,2,0,2
ppi,2,0,2
statistician,2,0,2
statistics,2,0,2
pins,2,0,2
nigel,2,0,2
encoding,2,0,2
outbid,2,0,2
ppheygencom,2,0,2
niggli,2,0,2
embellish,2,0,2
embedded,2,0,2
ehudith,2,0,2
fdx,2,0,2
negligence,2,0,2
fears,2,0,2
electorate,2,0,2
fearless,2,0,2
fearful,2,0,2
verizon,2,0,2
fe,2,0,2
alrighty,2,0,2
feat,2,0,2
fda,2,0,2
preprint,2,0,2
thanalyst,2,0,2
overridden,2,0,2
spandau,2,0,2
usathere,2,0,2
overqualifie,2,0,2
preprogramme,2,0,2
feather,2,0,2
fazon,2,0,2
conti,2,0,2
soyeon,2,0,2
neeva,2,0,2
sp,2,0,2
feeding,2,0,2
spa,2,0,2
vermont,2,0,2
117,2,0,2
overrun,2,0,2
spaghetti,2,0,2
vermgultur,2,0,2
strategie,2,0,2
behr,2,0,2
spacig,2,0,2
pitt,2,0,2
northeast,2,0,2
spacious,2,0,2
negotiations,2,0,2
strangle,2,0,2
nepal,2,0,2
therese,2,0,2
thereupon,2,0,2
stralsund,2,0,2
fatest,2,0,2
alternate,2,0,2
contestation,2,0,2
undeniably,2,0,2
speakers,2,0,2
fastest,2,0,2
fatwa,2,0,2
commissioners,2,0,2
neoliberal,2,0,2
fasin,2,0,2
electronica,2,0,2
commissioning,2,0,2
altimeter,2,0,2
beetlejuice,2,0,2
spdand,2,0,2
fauci,2,0,2
fazis,2,0,2
commemoration,1,1,2
thermodynamic,2,0,2
sparrow,2,0,2
sparse,2,0,2
comma,2,0,2
fazde,2,0,2
spat,2,0,2
thandiwe,2,0,2
spax,2,0,2
faulhaber,2,0,2
strangeness,2,0,2
electrochemical,2,0,2
undemocratic,2,0,2
appease,2,0,2
faust,2,0,2
altavista,2,0,2
altenberger,2,0,2
fehl,2,0,2
northwestern,2,0,2
feinberg,2,0,2
allocation,2,0,2
filling,2,0,2
vertex,2,0,2
sonny,2,0,2
filigree,2,0,2
nbc,2,0,2
preset,2,0,2
notch,2,0,2
figuratively,2,0,2
sonnet,2,0,2
appreciated,2,0,2
rauschenberger,2,0,2
yorktimes,2,0,2
alloy,2,0,2
sophos,2,0,2
usait,2,0,2
possiblethe,2,0,2
oversubscribed,2,0,2
eiffel,2,0,2
needed44,2,0,2
bekommt,2,0,2
finbert,2,0,2
notebooks,1,1,2
eichmann,2,0,2
allensbach,1,1,2
nawabi,2,0,2
sonette,2,0,2
nawalny,2,0,2
streit,2,0,2
filmmake,2,0,2
contours,2,0,2
fin,2,0,2
fimmel,2,0,2
allgu,2,0,2
songwrite,2,0,2
bek,2,0,2
eif,2,0,2
fiebelkorn,2,0,2
applies,2,0,2
sore,2,0,2
femininity,2,0,2
sourceid,2,0,2
neckarsulm,2,0,2
oversight,2,0,2
sourly,2,0,2
fend,2,0,2
beinelli,2,0,2
feminism,2,0,2
feminine,2,0,2
fictitiously,2,0,2
femen,2,0,2
felt,2,0,2
soutaneous,2,0,2
southby,2,0,2
feldmann,2,0,2
yomiuri,2,0,2
orto,2,0,2
com,2,0,2
fernando,2,0,2
ferry,2,0,2
fertilization,2,0,2
nostalgic,2,0,2
colossal,2,0,2
streamberry,2,0,2
versge,2,0,2
sosnowsai,2,0,2
colosseum,2,0,2
colt,2,0,2
sought,2,0,2
feuerriegel,2,0,2
contini,2,0,2
verses,2,0,2
fetish,2,0,2
festive,2,0,2
almighty,2,0,2
fertilize,2,0,2
contents,2,0,2
farzad,2,0,2
apec,2,0,2
eyeq,2,0,2
spitzley,2,0,2
splash,2,0,2
eyewitness,2,0,2
neuberger,2,0,2
splendid,2,0,2
splendidly,2,0,2
eyes,2,0,2
amira,2,0,2
elmshorn,2,0,2
eyebrow,2,0,2
eyeball,2,0,2
compartment,2,0,2
compassion,2,0,2
exuberance,2,0,2
extrobot,2,0,2
yogurt,2,0,2
neubauer,2,0,2
neu,2,0,2
1933,2,0,2
elliptical,2,0,2
theorem,2,0,2
storyteller,2,0,2
1981,2,0,2
bedside,2,0,2
ellinghaus,2,0,2
noon,2,0,2
fable,2,0,2
amicable,2,0,2
spittmann,2,0,2
underestimates,2,0,2
amie,2,0,2
spite,2,0,2
stormy,2,0,2
spits,2,0,2
theological,2,0,2
amini,2,0,2
oscillate,2,0,2
extravagant,2,0,2
pierce,2,0,2
emanuel,2,0,2
explosively,2,0,2
emancipate,2,0,2
beautify,2,0,2
complementarity,2,0,2
emancipation,2,0,2
exploited,2,0,2
anachronistic,2,0,2
bateson,2,0,2
exporte,2,0,2
embarrasse,2,0,2
neurodegenerative,2,0,2
vda,1,1,2
spouse,2,0,2
expiry,2,0,2
beating,2,0,2
sprachmodell,2,0,2
overcast,2,0,2
emanancipation,2,0,2
nonsen,2,0,2
theo,2,0,2
predominance,2,0,2
extrajudicial,2,0,2
theodore,2,0,2
amoeba,2,0,2
nonprofit,2,0,2
predisposition,2,0,2
neugebauer,2,0,2
elsterheide,1,1,2
neuro,2,0,2
pik,2,0,2
yearthat,2,0,2
consuming,2,0,2
amplifon,2,0,2
amplimind,2,0,2
overcrowded,2,0,2
neurips,2,0,2
faced,2,0,2
faceless,2,0,2
ella,2,0,2
elevenlab,2,0,2
amapiano,2,0,2
beerlink,2,0,2
falsified,2,0,2
eleutherai,2,0,2
speculator,2,0,2
amar,2,0,2
amarok,2,0,2
speechless,2,0,2
straggler,2,0,2
netanyahu,2,0,2
fallible,2,0,2
speedway,2,0,2
fallability,2,0,2
commuter,2,0,2
venturebeat,2,0,2
faktencheckafpcom,2,0,2
eleuther,2,0,2
nordost,2,0,2
nora,2,0,2
neris,2,0,2
neptune,2,0,2
elegance,2,0,2
commoncrawl,2,0,2
fare,2,0,2
farce,2,0,2
farber,2,0,2
1930,2,0,2
overlay,2,0,2
spectrometer,2,0,2
beesten,2,0,2
spectacularly,2,0,2
beermann,2,0,2
communications,2,0,2
fandom,2,0,2
spectrogram,2,0,2
preload,2,0,2
faktencheck,2,0,2
fakten,2,0,2
eleventh,2,0,2
factchecaingcomgermany,2,0,2
undercut,2,0,2
elisa,2,0,2
venkatasubramanian,2,0,2
factset,2,0,2
amelia,2,0,2
underdog,2,0,2
apollo,2,0,2
amen,2,0,2
elfriede,2,0,2
fack,2,0,2
amend,2,0,2
facilitated,2,0,2
124,2,0,2
companytechnology,2,0,2
amethyst,2,0,2
spinach,2,0,2
overgrown,2,0,2
fade,2,0,2
stoxx,2,0,2
pieter,2,0,2
fakenews,2,0,2
fak,2,0,2
postdoctoral,2,0,2
elia,2,0,2
fairway,2,0,2
uscopyright,2,0,2
fairtech,2,0,2
companies,2,0,2
eliezer,2,0,2
strache,2,0,2
faint,2,0,2
apology,2,0,2
overheat,2,0,2
contemplation,2,0,2
str,2,0,2
aifirst,2,0,2
toni,2,0,2
seppi,2,0,2
objectivity,2,0,2
asterix,2,0,2
donbass,2,0,2
hofer,2,0,2
2021however,2,0,2
betray,2,0,2
cecilia,2,0,2
hoenig,2,0,2
hazen,2,0,2
provocative,2,0,2
adjustable,2,0,2
hodge,2,0,2
hocus,2,0,2
unanimity,2,0,2
guzik,2,0,2
guzikowsai,2,0,2
disparaging,2,0,2
cf,2,0,2
gwar,2,0,2
hockey,2,0,2
separatist,2,0,2
hazel,2,0,2
addams,2,0,2
gyncast,2,0,2
hochscherf,2,0,2
umbilical,2,0,2
cdric,2,0,2
tools29,2,0,2
gurewitsch,2,0,2
ware,2,0,2
aeronautical,2,0,2
hbo,2,0,2
hbel,2,0,2
chatpdfcom,2,0,2
organizationally,2,0,2
schmermund,2,0,2
sufferer,2,0,2
philology,2,0,2
sequential,2,0,2
hohn,2,0,2
asthe,2,0,2
gummy,1,1,2
suppress,2,0,2
gump,2,0,2
dividing,2,0,2
tirade,2,0,2
oeder,2,0,2
asteroid,2,0,2
done,2,0,2
misinterpretation,2,0,2
mnchen,2,0,2
2023with,2,0,2
gynecologist,2,0,2
prompts,2,0,2
teraflop,2,0,2
2023there,2,0,2
hayut,2,0,2
tirelessly,2,0,2
parainsons,2,0,2
prop,2,0,2
sensorimotor,2,0,2
secretariat,2,0,2
2021now,2,0,2
mnchner,2,0,2
change56,2,0,2
hllermeier,2,0,2
101,2,0,2
hkw,2,0,2
sensity,2,0,2
phillips,2,0,2
2023and,2,0,2
hkainen,2,0,2
panse,2,0,2
2023some,2,0,2
2021sometimes,2,0,2
corrator,2,0,2
celebrated,2,0,2
oecd,2,0,2
mishain,2,0,2
minimalist,2,0,2
hackt,2,0,2
unsuspectingly,2,0,2
wwwforbescom,2,0,2
tireless,2,0,2
h800,2,0,2
mingle,2,0,2
heroesmemplorheldencom,2,0,2
popcorn,2,0,2
hob,2,0,2
sentient,2,0,2
oclock,2,0,2
heroine,2,0,2
cedrik,2,0,2
ahin,2,0,2
pronounced,2,0,2
habilitate,2,0,2
habilitation,2,0,2
monastery,2,0,2
diving,2,0,2
habituation,2,0,2
assyrology,2,0,2
mona,2,0,2
aha,2,0,2
schnsee,2,0,2
hackett,2,0,2
bidet,2,0,2
cb,2,0,2
vuk,2,0,2
hitachi,2,0,2
serviceenow,2,0,2
schlimme,2,0,2
astronomer,2,0,2
2021at,2,0,2
warentest,2,0,2
diversion,2,0,2
suction,2,0,2
vr2,2,0,2
cheaper,2,0,2
gruber,2,0,2
scientists,2,0,2
mlo,2,0,2
polls,2,0,2
2022however,2,0,2
coronable,2,0,2
vra,2,0,2
cough,2,0,2
teslas,2,0,2
headliner,2,0,2
wwwpoliticocom,2,0,2
homely,2,0,2
orderhtml,2,0,2
aiall,2,0,2
tenure,2,0,2
artery,2,0,2
dorit,2,0,2
cheated,2,0,2
parenting,2,0,2
bfj,2,0,2
settings,2,0,2
min,2,0,2
groos,2,0,2
ae,2,0,2
topical,2,0,2
gropper,2,0,2
vpxcnn,2,0,2
setlur,2,0,2
grossman,2,0,2
grossmann,2,0,2
honduras,2,0,2
honda,2,0,2
hon,2,0,2
ultimatum,2,0,2
misogynistic,2,0,2
1274493,2,0,2
affine,2,0,2
champagne,2,0,2
pollock,2,0,2
montel,2,0,2
2021and,2,0,2
homes,2,0,2
hereby,2,0,2
suresh,2,0,2
discomfort,2,0,2
adania,2,0,2
aeltc,2,0,2
pangalactic,2,0,2
vti,2,0,2
unsurpassed,2,0,2
sergei,2,0,2
sergeant,2,0,2
mindgeek,2,0,2
mlwp,2,0,2
asilomar,2,0,2
donkey,2,0,2
2023after,2,0,2
zittau,2,0,2
guesswork,2,0,2
vu,2,0,2
misjudge,2,0,2
bidt,2,0,2
1032,2,0,2
2021for,2,0,2
adjusted,2,0,2
hollwich,2,0,2
hdr,2,0,2
ter,2,0,2
ordering,2,0,2
guided,2,0,2
vt,2,0,2
guadamuz,2,0,2
prommersberger,2,0,2
monolith,2,0,2
doordash,2,0,2
artful,2,0,2
chazelle,2,0,2
homage,2,0,2
promo,2,0,2
dispensable,2,0,2
schlocker,2,0,2
chauffeur,2,0,2
aiagain,2,0,2
mindedness,2,0,2
wwwplatformernews,2,0,2
holzapfel,2,0,2
holtzbrinck,2,0,2
doofe,2,0,2
monologue,2,0,2
serie,2,0,2
corp,2,0,2
holthaus,2,0,2
monolithic,2,0,2
arthouse,2,0,2
headhunter,2,0,2
toothe,2,0,2
tesco,2,0,2
vws,2,0,2
dome,2,0,2
dorothea,2,0,2
zones,2,0,2
modular,2,0,2
hijack,2,0,2
globalize,2,0,2
wagenknecht,2,0,2
hannibal,2,0,2
bidden,2,0,2
wwwhoaxsearchcom,2,0,2
philharmonic,2,0,2
hannoversche,2,0,2
hassan,2,0,2
modi,2,0,2
hanoverians,2,0,2
parks,2,0,2
adhd,2,0,2
chargeable,2,0,2
hanselka,2,0,2
charaiw,2,0,2
hansgrohe,2,0,2
hass,2,0,2
hanson,2,0,2
adhesion,2,0,2
schwarzkopf,2,0,2
counseling,2,0,2
toa,2,0,2
polyphonic,2,0,2
ascension,2,0,2
charitable,2,0,2
chaolan,2,0,2
corrective,2,0,2
doepfakes,2,0,2
adequacy,2,0,2
charlotta,2,0,2
parker,2,0,2
sunscreen,2,0,2
schwedt,2,0,2
wwwgooglecom,2,0,2
prophylaxis,2,0,2
disembodied,2,0,2
sunrise,2,0,2
untold,2,0,2
mock,2,0,2
disempowere,2,0,2
cemetery,2,0,2
summaries,2,0,2
assistent,2,0,2
adjacent,2,0,2
20222023with,2,0,2
handshake,2,0,2
selfish,2,0,2
schughart,2,0,2
ageim,2,0,2
selectable,2,0,2
wahl,2,0,2
happened,2,0,2
dl,2,0,2
2022but,2,0,2
parachutist,2,0,2
2022chatgpt,2,0,2
disintegrate,2,0,2
harmonious,2,0,2
affiliation,2,0,2
terrify,2,0,2
heuristic,2,0,2
waive,2,0,2
adipose,2,0,2
harvesting,2,0,2
schwaben,2,0,2
centralize,2,0,2
misanthropic,2,0,2
segmentation,2,0,2
beuys,2,0,2
zeiss,2,0,2
corset,2,0,2
affinity,2,0,2
schwabing,2,0,2
tong,2,0,2
heyne,2,0,2
hartwig,2,0,2
modem,2,0,2
sundayzakaria,2,0,2
territorial,2,0,2
couleur,2,0,2
oculus,2,0,2
modernism,2,0,2
hierarchical,2,0,2
disillusion,2,0,2
1287,2,0,2
pons,2,0,2
aftermath,2,0,2
hashtag,2,0,2
upcome,2,0,2
hashim,2,0,2
hash,2,0,2
plagiats,2,0,2
wwwnytimescom202304,2,0,2
hardness,2,0,2
seit,2,0,2
disinfect,2,0,2
characterization,2,0,2
sundays,2,0,2
beuc,2,0,2
hardy,2,0,2
hare,2,0,2
hari,2,0,2
waitress,2,0,2
sunset,2,0,2
prophesy,2,0,2
chatfeld,2,0,2
hallaschka,2,0,2
tjandrawidjaja,2,0,2
unsystematic,2,0,2
baranov,2,0,2
yuan,2,0,2
haliser,2,0,2
secular,2,0,2
herz,0,2,2
herzemoji,2,0,2
vzbv,2,0,2
hirn,2,0,2
changeover,2,0,2
halle,2,0,2
assessed,2,0,2
disobedience,2,0,2
pap,2,0,2
um,2,0,2
yves,2,0,2
hippocratic,2,0,2
herzog,2,0,2
doldrum,2,0,2
schrall,2,0,2
hallervorden,2,0,2
hauptadtbro,2,0,2
halls,2,0,2
hertzberg,2,0,2
hiscox,2,0,2
moldy,2,0,2
moan,2,0,2
untrained,2,0,2
oblivion,2,0,2
suisse,2,0,2
2023so,2,0,2
domagcateliers,2,0,2
agony,2,0,2
hairdresse,2,0,2
bidenomic,2,0,2
mollen,2,0,2
poorlygelaunter,2,0,2
hawaing,2,0,2
agoin,2,0,2
chatbox,2,0,2
ceoaltman,2,0,2
addressable,2,0,2
hawaiian,2,0,2
hawaii,2,0,2
changed,2,0,2
discus,2,0,2
2023nvidia,2,0,2
unevenness,2,0,2
hertz,2,0,2
ministries,2,0,2
moisture,2,0,2
tl,2,0,2
ade,2,0,2
chant,2,0,2
bidder,2,0,2
hamm,2,0,2
aggregator,2,0,2
hamnet,2,0,2
semperoper,1,1,2
dizzy,2,0,2
schrems,2,0,2
hatespeech,2,0,2
provenance,2,0,2
hateful,2,0,2
hinke,2,0,2
mintmasters,2,0,2
aggregated,2,0,2
protester,2,0,2
polyps,2,0,2
mohan,2,0,2
tlv,2,0,2
cellar,2,0,2
bettermark,2,0,2
charred,2,0,2
dogmatic,2,0,2
charpentier,2,0,2
moby,2,0,2
adenauer,2,0,2
paradoxical,2,0,2
obscene,2,0,2
aggressiveness,2,0,2
hintz,2,0,2
schramm,2,0,2
mobilitaetutonome,2,0,2
senger,2,0,2
seng,2,0,2
beyonc,2,0,2
2022etf,2,0,2
haul,2,0,2
moinsen,2,0,2
divorce,2,0,2
tldraw,2,0,2
schwemme,2,0,2
haudrauf,2,0,2
2023habeck,2,0,2
halver,2,0,2
proverbial,2,0,2
propertie,2,0,2
adele,2,0,2
schreiner,2,0,2
agility,2,0,2
doi101126,2,0,2
parlament,2,0,2
sedition,2,0,2
biennale,2,0,2
prostate,2,0,2
gptthis,2,0,2
gospel,2,0,2
goss,2,0,2
heide,2,0,2
subtletie,2,0,2
dramaturge,2,0,2
goth,2,0,2
schaepper,2,0,2
cyberpartisan,2,0,2
morra,2,0,2
schaffhausen,2,0,2
walsh,2,0,2
directorial,2,0,2
pseudonymize,2,0,2
hegemonic,2,0,2
gottfrie,2,0,2
gotti,2,0,2
surrealistic,2,0,2
morphology,2,0,2
hemisphere,2,0,2
hegemann,2,0,2
hemsworth,2,0,2
aidoe,2,0,2
bi,2,0,2
schaller,2,0,2
wwwmimikamaorg,2,0,2
gosling,2,0,2
pancreatitis,2,0,2
tennessee,2,0,2
scruple,2,0,2
drayait,2,0,2
bgh,2,0,2
scenic,2,0,2
hrdtner,2,0,2
miterfinder,2,0,2
acidification,2,0,2
unequivocally,2,0,2
heights,2,0,2
googly,2,0,2
sculley,2,0,2
coquettish,2,0,2
arrhythmia,2,0,2
certifai,2,0,2
unsplash,2,0,2
sharpness,2,0,2
berufswelt,2,0,2
heidelbergs,2,0,2
schach,2,0,2
gorillas,2,0,2
2022there,2,0,2
ads,2,0,2
scramble,1,1,2
arrogant,2,0,2
schardt,2,0,2
atheist,2,0,2
hotly,2,0,2
schaufler,2,0,2
toffel,2,0,2
gptif,2,0,2
heeland,2,0,2
gptin,2,0,2
adulthood,2,0,2
hedonism,2,0,2
tests,2,0,2
cate,2,0,2
wwwmopode,2,0,2
cosmetic,2,0,2
2022next,2,0,2
bgb,2,0,2
beschen,2,0,2
chico,2,0,2
gqom,2,0,2
moreover,2,0,2
moreno1you,2,0,2
vomit,2,0,2
gracious,2,0,2
shallow,2,0,2
hostel,2,0,2
vonovia,2,0,2
morgenpost,2,0,2
cosmopolitan,2,0,2
sharing,2,0,2
polke,2,0,2
warrant,2,0,2
hegel,2,0,2
aidney,2,0,2
biaini,2,0,2
arrow,2,0,2
schatke,2,0,2
subtly,2,0,2
bianca,2,0,2
protectable,2,0,2
heesens,2,0,2
ob,2,0,2
barolo,2,0,2
pffgen,2,0,2
militia,2,0,2
hours,2,0,2
draftsman,2,0,2
mitran,2,0,2
shaping,2,0,2
timely,2,0,2
pseudomnesia,2,0,2
morik,2,0,2
hotzo,2,0,2
hotz,2,0,2
tofu,2,0,2
shed,2,0,2
coursera,2,0,2
hugged,2,0,2
superficiality,2,0,2
motherboard,2,0,2
tokenization,2,0,2
torrance,2,0,2
tetris,2,0,2
screech,2,0,2
helio,2,0,2
shimbun,2,0,2
gmg,2,0,2
dreyer,2,0,2
ace,2,0,2
pammolli,2,0,2
torque,2,0,2
professors,2,0,2
mote,2,0,2
cesand,2,0,2
pamphlet,2,0,2
dressler,2,0,2
dresselhaus,2,0,2
gnu,2,0,2
costanza,2,0,2
phd,2,0,2
psychedelica,2,0,2
scapegoat,2,0,2
glowing,2,0,2
aieveryone,2,0,2
shiny,2,0,2
dissolution,2,0,2
dining,2,0,2
berry,2,0,2
adolfo,2,0,2
accreditation,2,0,2
shire,2,0,2
wwwtagesschaudenvestigativ,2,0,2
gloom,2,0,2
shipment,2,0,2
aspirant,2,0,2
unspeakably,2,0,2
glorification,2,0,2
chipfeare,2,0,2
cetera,2,0,2
oren,2,0,2
wwwtagesschaude,2,0,2
mothers,2,0,2
drge,2,0,2
mild,2,0,2
glossy,2,0,2
hugging,2,0,2
aiezbot,2,0,2
helm,2,0,2
aiewer,2,0,2
mistrust,2,0,2
milieu,2,0,2
wwwsynthesiaio,2,0,2
scripture,2,0,2
helping,2,0,2
oanda,2,0,2
dreat,2,0,2
goldfish,2,0,2
mistler,2,0,2
htter,2,0,2
coursey,2,0,2
substituted,2,0,2
biever,2,0,2
scriptwriter,2,0,2
paranoia,2,0,2
moskau,2,0,2
phoenix,2,0,2
chainsaw,2,0,2
acidic,2,0,2
mosene,2,0,2
substructure,2,0,2
directed,2,0,2
aielon,2,0,2
athene,2,0,2
aieling,2,0,2
goodloe,2,0,2
oakland,2,0,2
chaff,2,0,2
2019this,2,0,2
timbre,2,0,2
shibli,2,0,2
barrack,2,0,2
athletics,2,0,2
dissatisfy,2,0,2
achieved,2,0,2
certified,2,0,2
goblin,2,0,2
heldin,2,0,2
tilting,2,0,2
sherry,2,0,2
admonishe,2,0,2
helpfulness,2,0,2
goebbels,2,0,2
achilles,2,0,2
sherlock,2,0,2
copycat,2,0,2
2019vw,2,0,2
supercup,2,0,2
misusing,2,0,2
toros,2,0,2
scripba,2,0,2
catalan,2,0,2
httges,2,0,2
arsenide,2,0,2
pond,2,0,2
hosseini,2,0,2
searchable,2,0,2
voters,2,0,2
greenberg,2,0,2
greene,2,0,2
greengrocer,2,0,2
barmer,2,0,2
sexualized,2,0,2
aican,2,0,2
milowanow,2,0,2
greenwashing,2,0,2
unanswere,2,0,2
tolerance,2,0,2
mixing,2,0,2
timur,2,0,2
aiboth,2,0,2
grefe,2,0,2
tor,2,0,2
sexte,2,0,2
successively,2,0,2
greiffenberg,2,0,2
schick,2,0,2
1008,2,0,2
vovan,2,0,2
mimi,2,0,2
pfiffer,2,0,2
heap,2,0,2
wwwrnd,2,0,2
oertel,2,0,2
downplay,2,0,2
2020of,2,0,2
wwwsafeai,2,0,2
adversity,2,0,2
hearts,2,0,2
occult,2,0,2
ps5,2,0,2
popper,2,0,2
moor,2,0,2
arsonist,2,0,2
gratitude,2,0,2
doug,2,0,2
heartbreaaing,2,0,2
mills,2,0,2
graves,2,0,2
hepburn,2,0,2
greasy,2,0,2
chalmers,2,0,2
moreno,2,0,2
corinna,2,0,2
zipf,2,0,2
aichatgpt,2,0,2
schifa,2,0,2
arte,2,0,2
heartwarming,2,0,2
oberpfaffenhofen,2,0,2
tomic,2,0,2
grin,2,0,2
dot,2,0,2
suchmaschine,2,0,2
dossier,2,0,2
corvette,2,0,2
prydz,2,0,2
gripper,2,0,2
philosophically,2,0,2
topicsand,2,0,2
obesity,2,0,2
2022with,2,0,2
cornella,2,0,2
check24,2,0,2
testament,2,0,2
hereafter,1,1,2
cauldron,2,0,2
2022if,2,0,2
polling,2,0,2
grnen,2,0,2
grocery,2,0,2
sevcik,2,0,2
prologue,2,0,2
sew,2,0,2
schiri,2,0,2
advisors,2,0,2
prohibitively,2,0,2
hoodie,2,0,2
walldorfer,2,0,2
schiffer,2,0,2
grethe,2,0,2
actresse,2,0,2
2022in,2,0,2
superalignment,2,0,2
astrophysic,2,0,2
doubleyuu,2,0,2
herb,2,0,2
hontschar,2,0,2
douard,2,0,2
ps4,2,0,2
grgory,2,0,2
succinctly,2,0,2
vowel,2,0,2
2020two,2,0,2
assassination,2,0,2
scooter,2,0,2
honorarar,2,0,2
artemis,2,0,2
scontent,2,0,2
aicom,2,0,2
timothy,2,0,2
wwwsafeaii,2,0,2
voracious,2,0,2
unfathomable,1,1,2
henrichs,2,0,2
heaviness,2,0,2
heath,2,0,2
timesaround,2,0,2
programmatic,2,0,2
aidan,2,0,2
disturbingly,2,0,2
phineas,2,0,2
unstoppably,2,0,2
horst,2,0,2
pandemian,2,0,2
grandchildren,2,0,2
milliarden,2,0,2
bankrupt,2,0,2
henriette,2,0,2
county,2,0,2
grande,2,0,2
2020before,2,0,2
granderath,2,0,2
downward,2,0,2
graichen,2,0,2
grandiose,2,0,2
asymmetrical,2,0,2
arsher,2,0,2
dozens,2,0,2
schauspiel,2,0,2
tenor,2,0,2
heckmann,2,0,2
millennials,2,0,2
scotts,2,0,2
aidby,2,0,2
warnedinnovation,2,0,2
distributor,2,0,2
horticulture,2,0,2
vonthe,2,0,2
grady,2,0,2
protector,2,0,2
toepffer,1,1,2
chiang,2,0,2
aidario,2,0,2
grafing,2,0,2
2022what,2,0,2
disrupt,2,0,2
arson,2,0,2
adverse,2,0,2
grandjean,2,0,2
catena,2,0,2
downpour,2,0,2
barbed,2,0,2
cosic,2,0,2
graphically,2,0,2
disappointingly,2,0,2
wwwscienceorg,2,0,2
downright,2,0,2
granule,2,0,2
2020in,2,0,2
shaft,2,0,2
moravetz,2,0,2
heated,2,0,2
shaheen,2,0,2
philp,2,0,2
grange,2,0,2
downstream,2,0,2
grandpower,2,0,2
wwweconomistcom,2,0,2
schematic,2,0,2
postdoc,1,0,1
worldgoe,1,0,1
pharmaf,1,0,1
protestantism,1,0,1
protectively,1,0,1
pharmakonzerne,1,0,1
pharmacovigilance,1,0,1
pleasing,1,0,1
posthumanism,1,0,1
zampano,1,0,1
zetter,1,0,1
preicht,1,0,1
pledge,1,0,1
polis,1,0,1
wunderschoen,1,0,1
petrov,1,0,1
piercing,1,0,1
randstad,1,0,1
randomness,1,0,1
posterboy,1,0,1
protete,1,0,1
petrify,1,0,1
randomized,1,0,1
pharaohs,1,0,1
pieri,1,0,1
pleasantly,1,0,1
rand,1,0,1
pleasedabout,1,0,1
petronis,1,0,1
polytechnic,1,0,1
yoke,1,0,1
policybenefit,1,0,1
zuchst,1,0,1
wutz,1,0,1
rana,1,0,1
yearsplaye,1,0,1
pulverize,1,0,1
pharmacologist,1,0,1
prejudiced,1,0,1
randomization,1,0,1
preinstalle,1,0,1
perhap,1,0,1
pietzner,1,0,1
prehistory,1,0,1
protestant,1,0,1
yearswitnesse,1,0,1
prelm2lttrm777gzdqbxaoeufgahtml,1,0,1
protectionmay,1,0,1
wunderhorn,1,0,1
wwwkey4bizit,1,0,1
preheat,1,0,1
wwwinstagramcom,1,0,1
yearsyear,1,0,1
protestbefore,1,0,1
petroni,1,0,1
performancelogic,1,0,1
yyyybit,1,0,1
wwwipsoscom,1,0,1
protestskha,1,0,1
wuppertal,1,0,1
worldcoins,1,0,1
wwwit,1,0,1
yearsrepeat,1,0,1
wwwjustiznrwdejmschwerpunktezacndexphp,1,0,1
plagiates,0,1,1
pierluigi,1,0,1
punchline,1,0,1
ran,1,0,1
zak,1,0,1
randsalistont,1,0,1
zevedi,1,0,1
posterity,1,0,1
rampone,1,0,1
rampart,1,0,1
postgraduate,1,0,1
petto,1,0,1
yearsthat,1,0,1
politeia,1,0,1
ramsch,1,0,1
preferencefor,1,0,1
petteri,1,0,1
pigeon,1,0,1
polyvalence,1,0,1
proteiner,1,0,1
wwwtechnologyreviewcom202212191065596,1,0,1
polymorphism,1,0,1
ratgeber,1,0,1
psychologyof,1,0,1
plandless,1,0,1
perceptive,1,0,1
pint,1,0,1
yfoqiwnaynhq7noe6cfpqyydg4html,1,0,1
pseudolate,1,0,1
psychopatic,1,0,1
psychosis,1,0,1
psychotechnic,1,0,1
perceval,1,0,1
zopes,1,0,1
wwwbingcom,1,0,1
zwm2xmescd7culxbas7hidbao46lyykuvy5pjmv9uoiuovau,1,0,1
zs,1,0,1
pinke,1,0,1
wwwdjbde,1,0,1
ppe,1,0,1
ratify,1,0,1
poll,1,0,1
pioneering,1,0,1
zapfen,1,0,1
wwwbundesgesundheitministeriumde,1,0,1
potentialbeyond,1,0,1
wwwbsibundde,1,0,1
powerhaus,1,0,1
politicians,1,0,1
yi,1,0,1
pffgens,1,0,1
perceptio,1,0,1
wwwbrainfm,1,0,1
powerlessness,1,0,1
pinto,1,0,1
wwwbloombergcom,1,0,1
zwinkersmiley,1,0,1
pfbid02x6hgokqoyek77tkrjdzr5vmx8bdvqs6u9ymqd44zbpe7mnk1r5pbbcmkdmppjoil,1,0,1
ymtc,1,0,1
pscellcom202211,1,0,1
wwwbbccom,1,0,1
ps,1,0,1
psyou,1,0,1
raste,1,0,1
zttl,1,0,1
yyybitbg4nenf6vxwtjzq,1,0,1
prada,1,0,1
praesenti,1,0,1
ptter,1,0,1
ptz,1,0,1
pruning,1,0,1
praeventionntibiotika,1,0,1
piss,1,0,1
pragmate,1,0,1
wwwbabbelbotde,1,0,1
raster,1,0,1
zwiesel,1,0,1
practices,1,0,1
psychoterror,1,0,1
practicable,1,0,1
pollination,1,0,1
ps4a,1,0,1
zarya,1,0,1
zoommeting,1,0,1
workout,1,0,1
wwwbidtdigital,1,0,1
pfiffikus,1,0,1
practicality,1,0,1
zentner,1,0,1
potentialand,1,0,1
yfect,1,0,1
zat,1,0,1
rat,1,0,1
polizei,1,0,1
wwwdigitale,1,0,1
pigment,1,0,1
yiyan,1,0,1
pische,1,0,1
pirated,1,0,1
raue,1,0,1
zenja,1,0,1
potpourri,1,0,1
zyfgqpjt4bconeogfnjzedahtml,1,0,1
ratzfatz,1,0,1
ratual,1,0,1
zy7yasxpkfadzj4uwyew3ujmhtml,1,0,1
politik4,1,0,1
piscine,1,0,1
playback,1,0,1
piracy,1,0,1
piquet,1,0,1
wwwdeepmindcom,1,0,1
wwwcnbccom202329,1,0,1
zoroaster,1,0,1
pirscher,1,0,1
psychoanalyze,1,0,1
raupening,1,0,1
zappendusteres,1,0,1
zappa,1,0,1
pottery,1,0,1
raunser,1,0,1
psychic,1,0,1
potty,1,0,1
rauen,1,0,1
poultry,1,0,1
ylva,1,0,1
psychohygienic,1,0,1
rauhaus,1,0,1
psycholinguist,1,0,1
yyybg4nenf6vxwttjzqhtml,1,0,1
psychologicalassociation,1,0,1
ratsbecause,1,0,1
zeil,1,0,1
potion,1,0,1
pseudonymized,1,0,1
politikst,1,0,1
zrcher,1,0,1
percentwill,1,0,1
percepron,1,0,1
yildirim,1,0,1
playbook,1,0,1
zorberit,1,0,1
pionier,1,0,1
rationalist,1,0,1
politicianthe,1,0,1
politikuslandrticle247454146ran,1,0,1
zxxx662805202302411030713html,1,0,1
polize,1,0,1
pioneers,1,0,1
pothen,1,0,1
pip,1,0,1
zapliance,1,0,1
yippie,1,0,1
wwwdigitalcouragede,1,0,1
rationallyunsarachable,1,0,1
powder1,1,0,1
playball,1,0,1
wwwcnbccom202305,1,0,1
politikkraeftemangel,1,0,1
pfeffer,1,0,1
rationalize,1,0,1
powdered,1,0,1
politicization,1,0,1
psthe,1,0,1
pseudosong,1,0,1
wwwcambridgeorg,1,0,1
psychologically,1,0,1
rashid,1,0,1
rashe,1,0,1
playeratgeber,1,0,1
yyybituva6bg4nenf6vxwwtjzqhtml,1,0,1
predetermine,1,0,1
puffer,1,0,1
predicament,1,0,1
pilsl,1,0,1
predicate,1,0,1
politicallyhave,1,0,1
predicition,1,0,1
workson,1,0,1
playstore,1,0,1
pugh,1,0,1
pulcement,1,0,1
pevalehn,1,0,1
plaza,1,0,1
www202301,1,0,1
ple,1,0,1
predestined,1,0,1
puff,1,0,1
puerto,1,0,1
wwwgaborsteingartcom,1,0,1
wwwfrontiensinorgrticles103389,1,0,1
ph,1,0,1
yemi,1,0,1
pimeye,1,0,1
postthe,1,0,1
pudowsai,1,0,1
providedfor,1,0,1
wwwgoldmansachscomnsights,1,0,1
phaidros,1,0,1
raoni,1,0,1
wwwgamesfestivalde,1,0,1
rao,1,0,1
wwwgeneiio,1,0,1
yellowish,1,0,1
phalanx,1,0,1
plagtehtml,1,0,1
workpiece,1,0,1
zweisterszeistoersto,1,0,1
puller,1,0,1
wwf,1,0,1
pikachu,1,0,1
prototypical,1,0,1
wwwindyautonomouslivestream,1,0,1
rang,1,0,1
postillion,1,0,1
wwwingenieurde,1,0,1
polymorphic,1,0,1
predispose,1,0,1
predisposed,1,0,1
posthumously,1,0,1
proto,1,0,1
pigsthis,1,0,1
protkollen,1,0,1
performancecreate,1,0,1
prototypically,1,0,1
pikowsky,1,0,1
yyybity,1,0,1
polter,1,0,1
petty,1,0,1
platzhirsche,1,0,1
phantasm,1,0,1
wwwhelmholtzde,1,0,1
provable,1,0,1
wwwholeygraveonutscom,1,0,1
pilates,1,0,1
rani,1,0,1
wwwiihsorg,1,0,1
zerzrobe,1,0,1
protusion,1,0,1
yearto,1,0,1
ranger,1,0,1
pgp,1,0,1
rapclown,1,0,1
pimmel,1,0,1
yeoh,1,0,1
praising,1,0,1
zeppelin,1,0,1
pinduoduo,1,0,1
potassium,1,0,1
prudence,1,0,1
wwwartdubaiae,1,0,1
works31,1,0,1
pollutant,1,0,1
wwwapaorg,1,0,1
proxy,1,0,1
pinca,1,0,1
wwwairchenagde,1,0,1
rapunzel,1,0,1
wwweuropoleuropaeu,1,0,1
prowse,1,0,1
publicize,1,0,1
prudently,1,0,1
wwweuroparleuropaeu,1,0,1
poten,1,0,1
wwwaxioscom202325,1,0,1
prune,1,0,1
wwwethikratorg,1,0,1
pfahrt,1,0,1
pfaffenhofen,1,0,1
ping,1,0,1
rash,1,0,1
publicis,1,0,1
prudish,1,0,1
wwwaxioscom202304,1,0,1
potawatami,1,0,1
pragmatically,1,0,1
potatoe,1,0,1
publication369413887artificialmusesgenerativeartificialchatbotshaverisenhuman,1,0,1
prato,1,0,1
rapstar,1,0,1
praxair,1,0,1
zapata,1,0,1
publishism,1,0,1
worksfor,1,0,1
pistol,1,0,1
preciseand,1,0,1
workshas,1,0,1
provincial,1,0,1
puccini,1,0,1
worksbut,1,0,1
precisement,1,0,1
zawrzel,1,0,1
wwwforschung,1,0,1
providersto,1,0,1
providers,1,0,1
politicalologist,1,0,1
politicalwith,1,0,1
www20230503,1,0,1
wwwfacebookcom,1,0,1
preatorius,1,0,1
provocatively,1,0,1
platzruns,1,0,1
rapprochement,1,0,1
zwiebel,1,0,1
pfuqzubh26fjck5lqhtml,1,0,1
potaksco,1,0,1
zauner,1,0,1
proviso,1,0,1
precaration,1,0,1
polluted,1,0,1
wwwfmprcgovcn,1,0,1
wwwabendblattde,1,0,1
worksand,1,0,1
playht,1,0,1
pierced,1,0,1
wstenhagen,1,0,1
rammsee,1,0,1
popometer,1,0,1
xiaowei,1,0,1
persecutor,1,0,1
pornring,1,0,1
prize23,1,0,1
xiaoping,1,0,1
prizeaille,1,0,1
zuerk,1,0,1
projekt,1,0,1
wwwreisereporterdertikel16520,1,0,1
programmers,1,0,1
projectit,1,0,1
prizeprize,1,0,1
quod,1,0,1
perseverance,1,0,1
qproject,1,0,1
wp,1,0,1
wwwresearchgatenet,1,0,1
prnbach,1,0,1
plaque,1,0,1
peruvian,1,0,1
xiaoxiang,1,0,1
proletarian,1,0,1
qhd,1,0,1
wrtern,1,0,1
rabat,1,0,1
wrt,1,0,1
qianhong,1,0,1
r2fit2rd3nfhdagyzvodk2x7ayhtml,1,0,1
privateuser,1,0,1
promile,1,0,1
wowell,1,0,1
qianwen,1,0,1
promenade,1,0,1
zipfsche,1,0,1
wwwredditcom,1,0,1
prologuewant,1,0,1
persecute,1,0,1
proliferation,1,0,1
zimmerer,1,0,1
photographs,1,0,1
xiang,1,0,1
proact,1,0,1
popovivi,1,0,1
placke,1,0,1
wwwroberthalverde,1,0,1
yourselfthe,1,0,1
quinyx,1,0,1
xhe,1,0,1
quintin,1,0,1
progressively,1,0,1
quintanilla,1,0,1
philosopksophers,1,0,1
zupruch,1,0,1
xetra,1,0,1
programswas,1,0,1
programscan,1,0,1
photogenic,1,0,1
quinlan,1,0,1
quillbotcom,1,0,1
wwwsemafor,1,0,1
yourselfnot,1,0,1
yourselfat,1,0,1
zacharias,1,0,1
probability26,1,0,1
pizzerien,1,0,1
photographically,1,0,1
pizzolatto,1,0,1
quiver,1,0,1
wpsrivifz4k,1,0,1
qrhyh3vruol5ecrzsy4aviceeyfcuhp3nitqhyaoucs9enndlarqyyk,1,0,1
quitest,1,0,1
wwwreuterscom,1,0,1
zin,1,0,1
qscale,1,0,1
wroteswisher,1,0,1
qswzsrngefo,1,0,1
wrack,1,0,1
wrote,1,0,1
zingulum,1,0,1
wrangle,1,0,1
xi6qlxmyffbrhprznxo7kgr5qahtml,1,0,1
wove,1,0,1
porschewill,1,0,1
persaltechi,1,0,1
rachael,1,0,1
pixels,0,1,1
pntics,1,0,1
zeal,1,0,1
porter,1,0,1
po,1,0,1
wwwop,1,0,1
porte,1,0,1
philosongify,1,0,1
qaas,1,0,1
poacher,1,0,1
promptbase,1,0,1
prioritization,1,0,1
wwwperplexityai,1,0,1
wwwperplexityaia,1,0,1
portas,1,0,1
platinum,1,0,1
xmref36xmbggl7f5aktiv6yhtml,1,0,1
pnstagramsco,1,0,1
prompting,1,0,1
racesnewe,1,0,1
poke,1,0,1
wouldworke,1,0,1
racial,1,0,1
portfolioday,1,0,1
xr,1,0,1
popel,1,0,1
principleamong,1,0,1
perplexityai,1,0,1
xp,1,0,1
plants,1,0,1
pixelated,1,0,1
youwhy,1,0,1
youohlen,1,0,1
wwwolibolicom,1,0,1
pnnshe,1,0,1
prio,1,0,1
pixelating,1,0,1
q8,1,0,1
wwwpewreesearchorgnternet202320iin,1,0,1
perra,1,0,1
zither,1,0,1
raccoon,1,0,1
qassab,1,0,1
wwwpnasorg,1,0,1
zeai,1,0,1
xilinx,1,0,1
promised,1,0,1
perrotin,1,0,1
zachary,1,0,1
wounder,1,0,1
rabenschwarz,1,0,1
xii,1,0,1
platformsand,1,0,1
qatarers,1,0,1
plaed,1,0,1
privateuse,1,0,1
promipaar,1,0,1
photolaborant,1,0,1
qfor,1,0,1
raby,1,0,1
xin,1,0,1
prioritized,1,0,1
privacythe,1,0,1
pesci,1,0,1
poaching,1,0,1
wwwpewresearchorg20220622,1,0,1
prioritizedif,1,0,1
pizzerias,1,0,1
prioritizedthe,1,0,1
youunderstand,1,0,1
platformswould,1,0,1
prioritizestate,1,0,1
xl4icab6mfo,1,0,1
pocher,1,0,1
portage,1,0,1
xl,1,0,1
qanon,1,0,1
promot,1,0,1
popen,1,0,1
xjluzuk55cgxoi65jcl6wmhtml,1,0,1
qua,1,0,1
platformopenaicomi,1,0,1
perim,1,0,1
qualifying,1,0,1
wwwvicecom,1,0,1
productsha,1,0,1
produkte,1,0,1
querdeker,1,0,1
porcelain,1,0,1
wwwvhs,1,0,1
produzi,1,0,1
wwwverzuserzentralede,1,0,1
queenslander,1,0,1
perspectiveness,1,0,1
profinet,1,0,1
youtubecommissionmoney,1,0,1
queasy,1,0,1
plateaus,1,0,1
places,1,0,1
qubits,1,0,1
wwwtpactioncomctconinfo,1,0,1
qubit,1,0,1
wwwsueddeutschede,1,0,1
wristmand,1,0,1
popularization,1,0,1
wwwstatistacom,1,0,1
wwwwhoint,1,0,1
zemlinsky,1,0,1
profluent,1,0,1
wwwwhitehousegovriefing,1,0,1
zumba,1,0,1
zdfjenny,1,0,1
querying,1,0,1
writercomi,1,0,1
wristwatch,1,0,1
wwwweltde,1,0,1
wrede,1,0,1
productive427,1,0,1
personaldigital,1,0,1
placesbecome,1,0,1
pointer,1,0,1
phobia,1,0,1
wwwwashingtonpostcomusiness202329,1,0,1
quasiphilosophical,1,0,1
quasimonopol,1,0,1
zum,1,0,1
professionalsout,1,0,1
professoroliver,1,0,1
professoral,1,0,1
zinnecker,1,0,1
phonecan,1,0,1
quarreled,1,0,1
zabel,1,0,1
professionalspeaker,1,0,1
professionization,1,0,1
wriezen,1,0,1
professions,1,0,1
qualitymixe,1,0,1
quantifiable,1,0,1
populate,1,0,1
wwwtdbs23de,1,0,1
qualityto,1,0,1
populated,1,0,1
zelda,1,0,1
zukerman,1,0,1
zinzen,1,0,1
zugercher,1,0,1
zeltner,1,0,1
wwwthevergecom20234262369633,1,0,1
phones,1,0,1
wwwthevergecom20232723657927ipope,1,0,1
wwwszdepodcast,1,0,1
zukun,1,0,1
quartz,1,0,1
quartet,1,0,1
wwwtheinformationcomrticles,1,0,1
zemecais,1,0,1
professionalization,1,0,1
placed,1,0,1
quarterbusiness,1,0,1
wring,1,0,1
wwwtestde,1,0,1
wrestler,1,0,1
quartal,1,0,1
quarrymenmccartney,1,0,1
productfortunecom,1,0,1
productfocus,1,0,1
wwwyouperai,1,0,1
zcontemporary,1,0,1
personum,1,0,1
quadruplate,1,0,1
programmability,1,0,1
zunk,1,0,1
wreath,1,0,1
quickprovide,1,0,1
yourslocation,1,0,1
quicklyis,1,0,1
xenia,1,0,1
processdetect,1,0,1
yoursthe,1,0,1
programm,1,0,1
photo12,1,0,1
questionwhat,1,0,1
pointing,1,0,1
wwwsimilarwebcomlognsights,1,0,1
questionsthe,1,0,1
personversation,1,0,1
youtubettvxim4cje,1,0,1
processed,1,0,1
programmaker,1,0,1
zuffenhausen,1,0,1
platformization,1,0,1
zion,1,0,1
photoa,1,0,1
zacharaais,1,0,1
xerox,1,0,1
poppy,1,0,1
problematize,1,0,1
problemsthinke,1,0,1
problemsto,1,0,1
quaddy,1,0,1
popstar,0,1,1
personwhich,1,0,1
wrau,1,0,1
probst,1,0,1
zunyfqp7vtjbaveh767g7g7bsjurahtml,1,0,1
quadrature,1,0,1
youtubethe,1,0,1
questionslimit,1,0,1
productexpecte,1,0,1
pore,1,0,1
procured,1,0,1
placebo,1,0,1
placid,1,0,1
porcini,1,0,1
wwwsrfch,1,0,1
phlebas,1,0,1
wyhl,1,0,1
zach,1,0,1
writingthe,1,0,1
producability,1,0,1
wreckfest,1,0,1
wxpvfkqg5p4vkuvmlpubxf2zqhtml,1,0,1
poems,1,0,1
wwwzois,1,0,1
zendaya,1,0,1
wwwzeitde,1,0,1
wwwzdfde,1,0,1
profoundly,1,0,1
questiondigital,1,0,1
yousafzai,1,0,1
xaithe,1,0,1
questions,1,0,1
xefim5ugtrbxjcudvc4226wqmhtml,1,0,1
wrongat,1,0,1
processingthey,1,0,1
prognosticability,1,0,1
prognostic,1,0,1
questioning,1,0,1
phonetically,1,0,1
questionfeld,1,0,1
processwant,1,0,1
xcode,1,0,1
prognos,1,0,1
quaero,1,0,1
wroclaw,1,0,1
procrastination,1,0,1
progen,1,0,1
progel,1,0,1
wouldare,1,0,1
promptperfect,1,0,1
philologist,1,0,1
znweo5znqjfoxeszvywz6wnkr4html,1,0,1
purchase2,1,0,1
possiblephrases,1,0,1
permeability,1,0,1
pickery,1,0,1
presentism,1,0,1
possiblemany,1,0,1
possiblebut,1,0,1
wudao,1,0,1
worldwith,1,0,1
perplexed,1,0,1
permeable,1,0,1
yazidi,1,0,1
plumage,1,0,1
zf,1,0,1
piccadilly,1,0,1
wwwndrde,1,0,1
yvonne,1,0,1
prosieben,1,0,1
wuertttembergdedeservicepresse,1,0,1
phenotype,1,0,1
presentedb,1,0,1
raimund,1,0,1
yorker,1,0,1
presencetalke,1,0,1
worldwide397,1,0,1
policeman,1,0,1
year3,1,0,1
prostata,1,0,1
year28,1,0,1
wuhan,1,0,1
picket,1,0,1
worldwidethe,1,0,1
prost,1,0,1
worldwidewould,1,0,1
plagiarist,1,0,1
year20,1,0,1
presentation4,1,0,1
presented,1,0,1
yc,1,0,1
yayoi,1,0,1
proseminar,1,0,1
zuck,1,0,1
pressement,1,0,1
presser,1,0,1
possibilitiesat,1,0,1
polaroid,1,0,1
presstrie,1,0,1
piantadosi,1,0,1
yaolu,1,0,1
wsaithe,1,0,1
yannick,1,0,1
pianola,1,0,1
pluralistic,1,0,1
zurueck,1,0,1
wwwnewswekcom,1,0,1
pomps,1,0,1
worriedly,1,0,1
polarizing,1,0,1
wwwnprorg2023041172923281iden,1,0,1
purposefully,1,0,1
ragnar,1,0,1
phew,1,0,1
wwwnewsguardtechcom,1,0,1
rai,1,0,1
yayay,1,0,1
wwwnewsweekcom,1,0,1
puree,1,0,1
yawn,1,0,1
yyyybots,1,0,1
prosecute,1,0,1
yasuhiro,1,0,1
plumpness,1,0,1
znglein,1,0,1
polemically,1,0,1
purity,1,0,1
pros,1,0,1
picard,1,0,1
peterson,1,0,1
prorussian,1,0,1
raiber,1,0,1
planetteam,1,0,1
yorkeducated,1,0,1
wwwnaturecomrticles,1,0,1
worldwatching,1,0,1
wwwlandtag,1,0,1
yearsin,1,0,1
postbiotic,1,0,1
wund,1,0,1
protectionin,1,0,1
protectionbut,1,0,1
pielplatz,1,0,1
protectionagree,1,0,1
zeynep,1,0,1
yybitiva6bg4nenf6vxwwttjzqhtml,1,0,1
postbank,1,0,1
zehnerjahner,1,0,1
yearsha,1,0,1
pid,1,0,1
years57,1,0,1
perishable,1,0,1
prepareda,1,0,1
picturesque,1,0,1
plexus,1,0,1
wunderaind,1,0,1
policyare,1,0,1
preoccupation,1,0,1
rammersee,1,0,1
zoellner,1,0,1
zwegung,1,0,1
zevering,1,0,1
rammen,1,0,1
periodic,1,0,1
ramin,1,0,1
rami,1,0,1
pier,1,0,1
phaseto,1,0,1
plagiarize,1,0,1
wwwkoeniggaleriecom,1,0,1
yearson,1,0,1
yearslife,1,0,1
prenzlauer,1,0,1
phen,1,0,1
pitruzzella,1,0,1
plnnen,1,0,1
raldoll,1,0,1
yonicore,1,0,1
plss,1,0,1
pictorial,1,0,1
raissa,1,0,1
picnic,1,0,1
pickle,1,0,1
raising,1,0,1
prostitute,1,0,1
zoe,1,0,1
prosthesis,1,0,1
worldshould,1,0,1
prosthese,1,0,1
postage,1,0,1
wulf,1,0,1
worldunderestimated,1,0,1
zuse,1,0,1
planeta,1,0,1
year5,1,0,1
year4,1,0,1
worldserie,1,0,1
rajeev,1,0,1
punisher,1,0,1
prostitution,1,0,1
wumzum,1,0,1
yybg4nenf6vxwwtml,1,0,1
wwwmvhsde,1,0,1
ral,1,0,1
pomodoro,1,0,1
yolk,1,0,1
wwwmyaiobsessioncom,1,0,1
raketenschlag,1,0,1
raketen,1,0,1
punker,1,0,1
rakers,1,0,1
yearachieve,1,0,1
postally,1,0,1
permafrost,1,0,1
pompidou,1,0,1
zuchten,1,0,1
phenomenonto,1,0,1
ragged,1,0,1
zcb,1,0,1
propriceship,1,0,1
propagates,1,0,1
radicalization,1,0,1
portraitto,1,0,1
radicality,1,0,1
pol,1,0,1
wwwnytimescom202326,1,0,1
platt,1,0,1
zietlow,1,0,1
radiator,1,0,1
pnas2120481119,1,0,1
philipper,1,0,1
youngest,1,0,1
zig5ptppdfgffn3owtx7raqwmihtml,1,0,1
physian,1,0,1
propagandate,1,0,1
perot,1,0,1
prima,1,0,1
radial,1,0,1
wort,1,0,1
priestess,1,0,1
pwcand,1,0,1
perolat,1,0,1
pricewaterhouse,1,0,1
radiochemistry,1,0,1
properness,1,0,1
putually,1,0,1
wwwnytimescom202318,1,0,1
worshipers,1,0,1
pricewaterhousecoopers,1,0,1
pvc,1,0,1
radierer,1,0,1
zegler,1,0,1
physician,1,0,1
priest,1,0,1
portrayal,1,0,1
zielein,1,0,1
xxl,1,0,1
pest,1,0,1
xviwas,1,0,1
zenith,1,0,1
poorness,1,0,1
prices,1,0,1
platonic,1,0,1
proofread,1,0,1
primus,1,0,1
photosherlockcom,1,0,1
perplex,1,0,1
pronounphrase,1,0,1
pronouncement,1,0,1
popamal,1,0,1
wrzbach,1,0,1
xscxi2tvdbgm3dbha2ixmdoihtml,1,0,1
worty,1,0,1
zue,1,0,1
princely,1,0,1
photosbe,1,0,1
pnewscomrticle,1,0,1
wwwnytimescomnteractive202118,1,0,1
youyou,1,0,1
porting,1,0,1
priming,1,0,1
xth,1,0,1
pwpqwhmjbjb6ypcchvzwhymehtml,1,0,1
pythia,1,0,1
perpcriber,1,0,1
pygmalion,1,0,1
primark,1,0,1
pokmons,1,0,1
zeitgeist,1,0,1
wwwnytimescom202329,1,0,1
worthwhilehas,1,0,1
portmanteau,1,0,1
perpetratorand,1,0,1
rad,1,0,1
zeffirelli,1,0,1
photovoltaic,1,0,1
zebra,1,0,1
primer,1,0,1
plantation3,1,0,1
pyrolytic,1,0,1
portland,1,0,1
worshiper,1,0,1
youngerly,1,0,1
proposed,1,0,1
wwwnytimescom20230424,1,0,1
pusch,1,0,1
pretraine,1,0,1
rae,1,0,1
wwwnytimescom20230504,1,0,1
pushed,1,0,1
pushnachrichten,1,0,1
wrzen,1,0,1
zadie,1,0,1
pusse,1,0,1
philantry,1,0,1
yugin,1,0,1
yahweh,1,0,1
plaenen,1,0,1
pretzel,1,0,1
wwwnytimescom20230530,1,0,1
preuss,1,0,1
putins,1,0,1
pretext,1,0,1
pretense,1,0,1
prevailed2020,1,0,1
yamada,1,0,1
youcan,1,0,1
pretained,1,0,1
wsaiapp,1,0,1
purposesto,1,0,1
purpur,1,0,1
yangsto,1,0,1
raffaela,1,0,1
pondsand,1,0,1
zurichsee,1,0,1
peterhnsel,1,0,1
proposalagg,1,0,1
wwwnprorg2023091147549845,1,0,1
pretel,1,0,1
youlike,1,0,1
wwwnytimescom20230216e,1,0,1
peteranderl,1,0,1
philanthropic,1,0,1
radke,1,0,1
positive85,1,0,1
youmust,1,0,1
physiotherapy,1,0,1
putsch,1,0,1
ziad,1,0,1
poolboom,1,0,1
putty,1,0,1
radiologists,1,0,1
prez,1,0,1
xy,1,0,1
worsens,1,0,1
zuckerbergdefinitely,1,0,1
pricebe,1,0,1
yuckhat,1,0,1
propertymax,1,0,1
wwwnytimescom202317,1,0,1
pixabay,1,0,1
priceon,1,0,1
pmas,1,0,1
plattform,1,0,1
xynto,1,0,1
pix,1,0,1
philharmonics,1,0,1
yudfxfbfknd3hho6eifpcr3somhtml,1,0,1
pianist,1,0,1
proponents,1,0,1
piuttis,1,0,1
prevented,1,0,1
proponent,1,0,1
radish,1,0,1
zucker4,1,0,1
pete,1,0,1
zhu,1,0,1
prophetic,1,0,1
physique,1,0,1
youmagine,1,0,1
putors,1,0,1
xyz,1,0,1
positionhas,1,0,1
radion,1,0,1
radiomacher,1,0,1
psycho,1,0,1
seraph,1,0,1
rauscher,1,0,1
uprise,1,0,1
sucessfactors,1,0,1
sucher,1,0,1
suchs,1,0,1
suchwould,1,0,1
suddenness,1,0,1
sudowrite,1,0,1
suff,1,0,1
sufferedone,1,0,1
sufficiency,1,0,1
upmeier,1,0,1
sufficientare,1,0,1
uploads2023,1,0,1
suffocated,1,0,1
sugary,1,0,1
uploader,1,0,1
suggestionsprevention,1,0,1
suggests,1,0,1
suhrkamp,1,0,1
suicides,1,0,1
uplifting,1,0,1
upland,1,0,1
upic,1,0,1
sullivan,1,0,1
successthe,1,0,1
successive,1,0,1
sultry,1,0,1
uprising,1,0,1
subset,1,0,1
subsided,1,0,1
subsider,1,0,1
subsidiarie,1,0,1
upward,1,0,1
subsidiary18,1,0,1
subsidization,1,0,1
subsistence,1,0,1
upstream,1,0,1
substitability,1,0,1
substituability,1,0,1
subtask,1,0,1
upstart,1,0,1
upscayl,1,0,1
subtract,1,0,1
subtype,1,0,1
suburb,1,0,1
suburmle,1,0,1
subversive,1,0,1
uproot,1,0,1
successargument,1,0,1
successfactors,1,0,1
successfuland,1,0,1
sultan,1,0,1
upholstered,1,0,1
upwork,1,0,1
superbiring,1,0,1
uou5ipv6frgg7gcspkrujges4ahtml,1,0,1
unzentialnichtheit,1,0,1
supercomposite,1,0,1
unworthy,1,0,1
unwilling,1,0,1
supercompute,1,0,1
unverte,1,0,1
unveiling,1,0,1
superfans,1,0,1
untruth,1,0,1
superhumanically,1,0,1
untrue,1,0,1
untouchable,1,0,1
untogance,1,0,1
supernovas,1,0,1
superpooing,0,1,1
superpowere,1,0,1
untersee,1,0,1
superstructure,1,0,1
supertools,1,0,1
unterrichschaos,1,0,1
unterneheman,1,0,1
supplementable,1,0,1
superchip,1,0,1
up15,1,0,1
sumerian,1,0,1
supera,1,0,1
summerinclude,1,0,1
upfield,1,0,1
updates,1,0,1
updatabase,1,0,1
summersand,1,0,1
summertime,1,0,1
summit3,1,0,1
upcyced,1,0,1
sunbathe,1,0,1
sunbathing,1,0,1
sundance,1,0,1
sunde,0,1,1
sunder,1,0,1
sundial,1,0,1
sunglasse,1,0,1
sunken,1,0,1
upcamazon,1,0,1
upcale,1,0,1
sunshine,1,0,1
upate,1,0,1
sunspring,1,0,1
upa,1,0,1
up80,1,0,1
upwind,1,0,1
subscribers,1,0,1
untermelancovid,1,0,1
usacarlson,1,0,1
strippers,1,0,1
striptease,1,0,1
strirmade,1,0,1
strobl,1,0,1
strohm,1,0,1
usabing,1,0,1
strom,1,0,1
stromer,1,0,1
stromers,1,0,1
strongare,1,0,1
usabefore,1,0,1
strongest,1,0,1
usabecause,1,0,1
usaat,1,0,1
strontium,1,0,1
strubell,1,0,1
structuralism,1,0,1
usaartificial,1,0,1
structuressay,1,0,1
strunz,1,0,1
stu,1,0,1
stub,1,0,1
usaall,1,0,1
strippel,1,0,1
usachatgpt,1,0,1
usaaccording,1,0,1
stringing,1,0,1
strebe,1,0,1
streck,1,0,1
streeter,1,0,1
usais,1,0,1
streikt,1,0,1
strene,1,0,1
strenuous,1,0,1
usahe,1,0,1
stressed,1,0,1
usahas,1,0,1
stressto,1,0,1
stretcher,1,0,1
usagimmick,1,0,1
usagepproval,1,0,1
usafor,1,0,1
strictcondition,1,0,1
usaeuropean,1,0,1
strictly88,1,0,1
stride,1,0,1
usaeurope,1,0,1
strikebrought,1,0,1
stringence,1,0,1
stringer,1,0,1
stubbornness,1,0,1
us5738741041,1,0,1
urartean,1,0,1
urea,1,0,1
stylegan,1,0,1
stylishly,1,0,1
stylizing,1,0,1
su,1,0,1
subatomar,1,0,1
urdu,1,0,1
subchapt,1,0,1
subcutaneous,1,0,1
subdivision,1,0,1
urdalfrom,1,0,1
subdue,1,0,1
subforum,1,0,1
subgroup,1,0,1
urdal,1,0,1
subjectivity,1,0,1
subjectthat,1,0,1
subjunctive,1,0,1
subliminal,1,0,1
subliminally,1,0,1
urbort,1,0,1
submenus,1,0,1
submerge,1,0,1
subramanya,1,0,1
styleauthor,1,0,1
stycoon,1,0,1
students,1,0,1
stver,1,0,1
studentsanimate,1,0,1
us0079031078,1,0,1
studentsintegrate,1,0,1
studi,1,0,1
studie,1,0,1
ury,1,0,1
urungus,1,0,1
studiosus,1,0,1
studium,1,0,1
stuerzt,1,0,1
stuf,1,0,1
urn,1,0,1
urlicht,1,0,1
stufe,1,0,1
urination,1,0,1
stunningly,1,0,1
stunshow,1,0,1
urhemer,1,0,1
stuntdouble,1,0,1
sturgill,1,0,1
sturm,1,0,1
urffung,1,0,1
stutze,1,0,1
supplemented,1,0,1
unterberg,1,0,1
vg,1,0,1
taaing,1,0,1
tabiotika586html,1,0,1
tableau,1,0,1
tableaus,1,0,1
tables,1,0,1
tach,1,0,1
tacit,1,0,1
unmut,1,0,1
tackled,1,0,1
unmistaked,1,0,1
tacopina,1,0,1
unmistakably,1,0,1
tactile,1,0,1
tactless,1,0,1
unmentione,1,0,1
tagesschau24,1,0,1
tagesschaude,1,0,1
unmatche,1,0,1
tagesspiegeldeezirke,1,0,1
tahl,1,0,1
tailgate,1,0,1
tailger,1,0,1
taison,1,0,1
unmannerable,1,0,1
tabakolu,1,0,1
ta44jwytqzcd5opufuf56pn4kuhtml,1,0,1
unmaid,1,0,1
ta,1,0,1
systemically,1,0,1
unopened,1,0,1
systempreserve,1,0,1
systemscontaine,1,0,1
systemson,1,0,1
systemsteste,1,0,1
systemsto,1,0,1
systemthe,1,0,1
systemwa,1,0,1
szaccording,1,0,1
unobservedly,1,0,1
szdenachrichtenpodcastdo,1,0,1
szdepodcast,1,0,1
szegedy,1,0,1
szial,1,0,1
szt,1,0,1
szym,1,0,1
t3,1,0,1
unnisa,1,0,1
unneurotic,1,0,1
t6qi7n2fvrbivhyrgsh6xop3xuhtml,1,0,1
unner,1,0,1
t7bf7u46katzqx6gzljwrm23fihtml,1,0,1
taiwaners,1,0,1
takahiro,1,0,1
system44,1,0,1
tarifrntristungen,1,0,1
taro,1,0,1
tart,1,0,1
tartars,1,0,1
tartu,1,0,1
taryn,1,0,1
universit,1,0,1
tasache,1,0,1
taschen,1,0,1
taschwlner,1,0,1
taskorce,1,0,1
tasks,1,0,1
tasksthat,1,0,1
universals,1,0,1
tass,1,0,1
taster,1,0,1
tasting,1,0,1
universality,1,0,1
univer,1,0,1
tatoine,1,0,1
tattered,1,0,1
tattooed,1,0,1
tauend,1,0,1
tauf,1,0,1
tarin,1,0,1
universities,1,0,1
takuya,1,0,1
tarek,1,0,1
tal,1,0,1
unload,1,0,1
unlicensed,1,0,1
talente,1,0,1
talkative,1,0,1
talks,1,0,1
tame,1,0,1
tamil,1,0,1
tamoudi,1,0,1
tanaka,1,0,1
tandem,1,0,1
tangcam,1,0,1
tanker,0,1,1
tantussi,1,0,1
tanty,1,0,1
universityberlin,1,0,1
tanzania,1,0,1
taobao,1,0,1
universitiesare,1,0,1
tapecould,1,0,1
tappe,1,0,1
tapping,1,0,1
universitiesand,1,0,1
unorthodox,1,0,1
syrinx,1,0,1
unter,1,0,1
suspected,1,0,1
unsolicite,1,0,1
unsinn,1,0,1
unsince,1,0,1
sustain,1,0,1
sustainabilityspeak,1,0,1
unsetful,1,0,1
suvation,0,1,1
unsere,1,0,1
swafeele,1,0,1
swafel,1,0,1
unscrewed,1,0,1
swantje,1,0,1
swap,1,0,1
swastika,1,0,1
swatteam,1,0,1
unscite,1,0,1
swaying,1,0,1
sweating,1,0,1
swede,1,0,1
swedenthe,1,0,1
sweetheart,1,0,1
swell,1,0,1
unsaille,1,0,1
suspectsthat,1,0,1
suse,1,0,1
swifties,1,0,1
susannah,1,0,1
unsustainable,1,0,1
supporthtml,1,0,1
supportively,1,0,1
supposedlya,1,0,1
supranational,1,0,1
surcose,1,0,1
surfaceoperate,1,0,1
surfing,1,0,1
surgeons,1,0,1
surjo,1,0,1
surpas,1,0,1
unstructured,1,0,1
surprisinglyargo,1,0,1
surprisingwork,1,0,1
surreal,1,0,1
surrealism,1,0,1
unstilanted,1,0,1
unstatistics,1,0,1
unspectacular,1,0,1
unspecified,1,0,1
survey84,1,0,1
survivalist,1,0,1
survivorship,1,0,1
swetlana,1,0,1
unrestricted,1,0,1
synthly,1,0,1
unreasonably,1,0,1
symphonynow,1,0,1
symposia,1,0,1
synagogue,1,0,1
synapse,1,0,1
synchronicity,1,0,1
unproven,1,0,1
unproductive,1,0,1
synchronizing,1,0,1
synchronously,1,0,1
syncytial,1,0,1
synergetic,1,0,1
synergies,1,0,1
unproblematicthe,1,0,1
synonyms,1,0,1
synopsis,1,0,1
unpredicted,1,0,1
synth,1,0,1
synthesia,1,0,1
unplugged,1,0,1
unpainted,1,0,1
unpainte,1,0,1
synthesized,1,0,1
synthesizer,1,0,1
unrealive,1,0,1
sympathizer,1,0,1
swimsuit,1,0,1
sympathize,1,0,1
swindle,1,0,1
swinton,1,0,1
swissenschaftlphafold,1,0,1
unresolve,1,0,1
unreserved,1,0,1
switzerland300,1,0,1
switzerlandand,1,0,1
swkthe,1,0,1
swm,1,0,1
swollen,1,0,1
swp,1,0,1
swr2,1,0,1
swrartificial,1,0,1
swung,1,0,1
sxswthe,1,0,1
sxswwith,1,0,1
sydsvenskan,1,0,1
sylke,1,0,1
sylvester,1,0,1
symbolologist,1,0,1
symmetrical,1,0,1
symmetry,1,0,1
unreflected,1,0,1
streamlining,1,0,1
streamlined,1,0,1
streamline,1,0,1
spinon,1,0,1
venel,1,0,1
spintronik,1,0,1
velvet,1,0,1
spiron,1,0,1
spitch,1,0,1
spiteful,1,0,1
spitz,1,0,1
spitzberg,1,0,1
spitzer,1,0,1
splatter,1,0,1
splendor,1,0,1
velcro,1,0,1
spoem,1,0,1
spoilage,1,0,1
spoke,1,0,1
vehicles,0,1,1
spongebob,1,0,1
vehement,1,0,1
spongy,1,0,1
sponholz,1,0,1
vegetation,1,0,1
veganin,1,0,1
spook,1,0,1
spintronian,1,0,1
spinnrade,1,0,1
sporting,1,0,1
spinning,1,0,1
spectrumdespektrumde,1,0,1
spectrumieeorg,1,0,1
speedometer,1,0,1
speedthe,1,0,1
speyer,1,0,1
spherical,1,0,1
ventricular,1,0,1
spicker,1,0,1
ventilatedspinne,1,0,1
spiegelsince,1,0,1
ventilate,1,0,1
spiegelwelt,1,0,1
spiele,1,0,1
venom,1,0,1
spielt,1,0,1
spielwiese,1,0,1
spies,1,0,1
vengeful,1,0,1
spina,1,0,1
spindler,1,0,1
sping,1,0,1
spining,1,0,1
venerate,1,0,1
spoons,1,0,1
sportrsene,1,0,1
verabschiedet,1,0,1
vault,1,0,1
spye,1,0,1
spyeesees,1,0,1
spying,1,0,1
vates,1,0,1
spyri,1,0,1
vater,1,0,1
sq3,1,0,1
vatar,1,0,1
squake,1,0,1
squared,1,0,1
squarepusher,1,0,1
vastness,1,0,1
vasive,1,0,1
vaseline,1,0,1
squeaaing,1,0,1
squeak,0,1,1
squint,1,0,1
variability,1,0,1
var,1,0,1
vantage,1,0,1
squirrel,1,0,1
vans,1,0,1
squoia,1,0,1
vatican,1,0,1
vbai,1,0,1
sports,1,0,1
spur,1,0,1
vdeit,1,0,1
sportsback,1,0,1
spotmarkt,1,0,1
spoutible,1,0,1
sprach,1,0,1
vcthis,1,0,1
sprawl,1,0,1
vch,1,0,1
vc756ibt5fcihdqwh6if7gie4html,1,0,1
springsteen,1,0,1
vc6y4ev6pbekjozwjfup2yhtml,1,0,1
sprinkling,1,0,1
sprinter,1,0,1
sprk,1,0,1
spruce,1,0,1
sprung,1,0,1
sprungbot,1,0,1
sprungpower,1,0,1
spti,1,0,1
spubrbcfenea3cd5rlq7yqzhcqhtml,1,0,1
spueren,1,0,1
spum,1,0,1
vbe,1,0,1
ver,1,0,1
veranda,1,0,1
streamer,1,0,1
vertebral,1,0,1
vertebra,1,0,1
sophisticate,1,0,1
soprano,1,0,1
sorain,1,0,1
sorcerer,1,0,1
sorgenainder,1,0,1
sorn,1,0,1
versorgungsbetriebe,1,0,1
versic,1,0,1
sos,1,0,1
sothat,1,0,1
sotheby,1,0,1
soundbar,1,0,1
soundcloud,1,0,1
soundhuman,1,0,1
soundless,1,0,1
soundscape,1,0,1
soundsee,1,0,1
sourcelinux,1,0,1
sourellen,1,0,1
souressive,1,0,1
sours,1,0,1
southwestern,1,0,1
sooner,1,0,1
vertebrate,1,0,1
veronika,1,0,1
sonthofen,1,0,1
solvable,1,0,1
vfa,1,0,1
veysel,1,0,1
solving,1,0,1
somalia,1,0,1
somefamilie,1,0,1
veterinary,1,0,1
someonefear,1,0,1
veterans,1,0,1
vet,1,0,1
someweekly,1,0,1
somewhatthe,1,0,1
verzi,1,0,1
sommer,1,0,1
sonantic,1,0,1
sonard,1,0,1
vertically,1,0,1
verticalcrypto,1,0,1
songis,1,0,1
songwriting,1,0,1
sonic,1,0,1
sonntagszeitung,1,0,1
sonorous,1,0,1
souvenir,1,0,1
sovock,1,0,1
spectra,1,0,1
spassvoegel,1,0,1
spawning,1,0,1
veritas,1,0,1
spdendless,1,0,1
verifiably,1,0,1
speach,1,0,1
speaksnumerous,1,0,1
spearhead,1,0,1
spearspitze,1,0,1
verhnungen,1,0,1
verhindern,1,0,1
specialistlast,1,0,1
verfine,1,0,1
verffentlichte,1,0,1
verell,1,0,1
verdoppelt,1,0,1
verbose,1,0,1
verbesserte,1,0,1
verbatim,1,0,1
specifiesbeaer,1,0,1
speciman,1,0,1
verbalization,1,0,1
specimen,1,0,1
spectacularity,1,0,1
spatially,1,0,1
spartanpdfai,1,0,1
vernissage,1,0,1
sparsely,1,0,1
spaces,1,0,1
vermitters,1,0,1
spaceships,1,0,1
spacexat,1,0,1
spacexhowever,1,0,1
spacexwhile,1,0,1
spacy,1,0,1
verlert,1,0,1
verlagshaus,1,0,1
verkehrpdf,1,0,1
spamatail,1,0,1
spamcan,1,0,1
spamme,1,0,1
spaniard,1,0,1
spanie,1,0,1
verivox,1,0,1
sparingly,1,0,1
veritone,1,0,1
sparked,1,0,1
sparkling,1,0,1
sparks,1,0,1
sparkstrae,1,0,1
sparrentak,1,0,1
sr,1,0,1
srfch,1,0,1
srivastav,1,0,1
stiftic,1,0,1
stiftung,1,0,1
stigma,1,0,1
stilgoe,1,0,1
stilland,1,0,1
stillmore,1,0,1
userthat,1,0,1
stillone,1,0,1
stillpeople,1,0,1
usersto,1,0,1
stilt,1,0,1
userssources,1,0,1
stilte,1,0,1
stimmer,1,0,1
userspossibility,1,0,1
usersone,1,0,1
stimulating,1,0,1
stine,1,0,1
stingray,1,0,1
usersa,1,0,1
users,1,0,1
stipulation,1,0,1
userand,1,0,1
useprevent,1,0,1
usesto,1,0,1
stifter,1,0,1
stockond,1,0,1
stiffness,1,0,1
usx,1,0,1
stent,1,0,1
stepbrother,1,0,1
steppanz,1,0,1
stepsshould,1,0,1
usthis,1,0,1
usshow,1,0,1
sternberg,1,0,1
sternhewarte,1,0,1
steroid,1,0,1
stethoscope,1,0,1
stetten,1,0,1
usmacmillancom,1,0,1
usk,1,0,1
stevenspielberg,1,0,1
stew,0,1,1
usin,1,0,1
steyerl,1,0,1
sth,1,0,1
usgame,1,0,1
sticket,1,0,1
stifel,1,0,1
stiff,1,0,1
useof,1,0,1
stocksenship,1,0,1
srope,1,0,1
straggl,1,0,1
straighten,1,0,1
usayou,1,0,1
usawhy,1,0,1
strained,1,0,1
strainly,1,0,1
usawhen,1,0,1
usaus,1,0,1
usathey,1,0,1
strangerthings,1,0,1
usastudent,1,0,1
usaso,1,0,1
usashe,1,0,1
usarmy,1,0,1
strategies,1,0,1
usanevertheless,1,0,1
usamw577hda2yvubsnqld3eujyhtml,1,0,1
usameta,1,0,1
usama,1,0,1
straubing,1,0,1
strauss,1,0,1
strava,1,0,1
usal,1,0,1
usajegelka,1,0,1
usayour,1,0,1
strafverfolgungsbehrde,1,0,1
stolen,1,0,1
stphanebancel,1,0,1
usein,1,0,1
usefulness,1,0,1
stolz,1,0,1
stomina,1,0,1
stonic,1,0,1
usefulis,1,0,1
stoppen,1,0,1
stopper,1,0,1
storagein,1,0,1
usedbe,1,0,1
storefront,1,0,1
useback,1,0,1
storie,1,0,1
useai,1,0,1
stories,1,0,1
storiesfrom,1,0,1
storiesour,1,0,1
usdollar,1,0,1
storyaillers,1,0,1
storybook,1,0,1
storytelling,1,0,1
storyynory,1,0,1
usd,1,0,1
stelzen,1,0,1
stelle,1,0,1
stelkens,1,0,1
stahlwerk,1,0,1
stal,1,0,1
stalingrad,1,0,1
stalinism,1,0,1
stalky,1,0,1
stallone,1,0,1
stallonebecomes,1,0,1
stallwchterparty,0,1,1
stampel,1,0,1
standingnot,1,0,1
stanglwirt,1,0,1
stanislaw,1,0,1
stanton,1,0,1
starcraft,1,0,1
vadi,1,0,1
starry,1,0,1
starryai,1,0,1
starryaicom,1,0,1
starsthe,1,0,1
vacuuming,1,0,1
vaccinate,1,0,1
starthilfe,1,0,1
vaccalluzzo,1,0,1
startle,1,0,1
staircase,1,0,1
stahchel,1,0,1
utensil,1,0,1
stagelift,1,0,1
vancouver,1,0,1
ss65m5qpcrm4hga6aasaswc3utbmhtml,1,0,1
ssml,1,0,1
ssp,1,0,1
st23,1,0,1
staar,1,0,1
staatstheater,1,0,1
valueaccorde,1,0,1
valuation,1,0,1
stablediffusionlitigationcom,1,0,1
stablediffusionwebcom,1,0,1
stabratity,1,0,1
valorie,1,0,1
stacait,1,0,1
validity,1,0,1
stacy,1,0,1
stadtairche,1,0,1
valiant,1,0,1
stadthagen,1,0,1
valeriya,1,0,1
valerie,1,0,1
staffel,1,0,1
stageas,1,0,1
startled,1,0,1
vacate,0,1,1
startshe,1,0,1
startswere,1,0,1
steampunk,1,0,1
utrund,1,0,1
steck,1,0,1
utopist,1,0,1
steelwork,1,0,1
steeper,1,0,1
steepy,1,0,1
steeven,1,0,1
utopieforer,1,0,1
steigenberger,1,0,1
steigt,1,0,1
steik,1,0,1
steinbach,1,0,1
steinbeis,1,0,1
steinbrck,1,0,1
steingartis,1,0,1
utilize,1,0,1
utilitarianism,1,0,1
utilitarian,1,0,1
steit,1,0,1
stele,1,0,1
stelfie,1,0,1
utex,1,0,1
uuno,1,0,1
stealth,1,0,1
uur,1,0,1
statist,1,0,1
vacancie,1,0,1
startwe,1,0,1
starwars,1,0,1
starwith,1,0,1
v8ckgd40cj6i,1,0,1
v5,1,0,1
states100,1,0,1
states73,1,0,1
statically,1,0,1
stationsif,1,0,1
uzbeaistan,1,0,1
uv,1,0,1
uygunic,1,0,1
statistics216573,1,0,1
uxbridge,1,0,1
status15389504427973,1,0,1
status15419777777773920,1,0,1
status1610068449007618,1,0,1
staudinger,1,0,1
stauna,1,0,1
staunch,1,0,1
uwdlky54lbdjdd2tnx73exi2ihtml,1,0,1
taurin,1,0,1
tausche,1,0,1
taxonomy,1,0,1
umc,1,0,1
toknow,1,0,1
umbrellasa,1,0,1
tolaien,1,0,1
tometa,1,0,1
tomm,1,0,1
tonal,1,0,1
ulysses,1,0,1
tonest,1,0,1
tonfall,1,0,1
ultraweitwinkel,1,0,1
tongyi,1,0,1
tonita,1,0,1
tonnen,1,0,1
too30,1,0,1
toocan,1,0,1
toodecide,1,0,1
toodo,1,0,1
tooeffort,1,0,1
toogently,1,0,1
tooits,1,0,1
ultrasor,1,0,1
toolbox,1,0,1
toolearning,1,0,1
umbring,1,0,1
toin,1,0,1
toolscan,1,0,1
toi,1,0,1
umpteen,1,0,1
tochance,1,0,1
tock,1,0,1
ump48,1,0,1
toclassic,1,0,1
toconstructe,1,0,1
todayfeele,1,0,1
todayi,1,0,1
todays,1,0,1
todd,1,0,1
umnzj2ywhndepduhvpgiqg6llehtml,1,0,1
umland,1,0,1
todearly,1,0,1
todoe,1,0,1
toe,1,0,1
umennam,1,0,1
toepfer,1,0,1
umenica,1,0,1
umea,1,0,1
togetherdure,1,0,1
togetherness,1,0,1
togetherwith,1,0,1
toh,1,0,1
tools2897,1,0,1
toolto,1,0,1
umts,1,0,1
tot,1,0,1
ulitsa,1,0,1
totobot,1,0,1
ul6jrdg5u5cq7fztcxskonkseyhtml,1,0,1
totrade,1,0,1
totroboter,1,0,1
ukrainewas,1,0,1
touchdown,1,0,1
touchingly,1,0,1
touchpad,1,0,1
ukp,1,0,1
toughs,1,0,1
touli,1,0,1
touristic,1,0,1
uigures,1,0,1
uiguren,0,1,1
toward,1,0,1
uighures,1,0,1
towerscan,1,0,1
uhr,1,0,1
townsman,1,0,1
uhl,1,0,1
uhhs,1,0,1
tpe,1,0,1
totalization,1,0,1
tosuppress,1,0,1
toon,1,0,1
tospace,1,0,1
toonot,1,0,1
toopartial,1,0,1
ultrary,1,0,1
toothless,1,0,1
tooto,1,0,1
topicartificial,1,0,1
topics,1,0,1
topicsrtificial,1,0,1
topography,1,0,1
topology,1,0,1
topsecret,1,0,1
torales,1,0,1
torben,1,0,1
torc,1,0,1
torino,1,0,1
tormentingly,1,0,1
tormentor,1,0,1
torn,1,0,1
ultima,1,0,1
torne,1,0,1
torso,1,0,1
tortic,1,0,1
toshiya,1,0,1
toby,1,0,1
toaster,1,0,1
unborn,1,0,1
tiago,1,0,1
tiananmen,1,0,1
tianyu,1,0,1
tibet,1,0,1
ticaing,1,0,1
ticino,1,0,1
unattainably,1,0,1
tiffany,1,0,1
tificial,1,0,1
tigerglobal,1,0,1
unattainable,1,0,1
tiitkok,1,0,1
tikhanowskaja,1,0,1
tikkers,1,0,1
unastant,1,0,1
tilburg,1,0,1
tilda,1,0,1
tilier,1,0,1
till,1,0,1
unassailable,1,0,1
tilted,1,0,1
timeartificial,1,0,1
timebarrier,1,0,1
timecould,1,0,1
tian,1,0,1
ti,1,0,1
timeforecast,1,0,1
unauthentically,1,0,1
threehowever,1,0,1
threethe,1,0,1
thresher,1,0,1
unblooked,1,0,1
unbezenschafable,1,0,1
thrilled,1,0,1
unbeatably,1,0,1
throughly,1,0,1
throwing,1,0,1
thrown,1,0,1
throws,1,0,1
thrum,1,0,1
thtre,1,0,1
thu,1,0,1
thug,1,0,1
thumm,1,0,1
thun,1,0,1
unauthorizedly,1,0,1
thunderbill,1,0,1
thunderbird,1,0,1
thunderbolts,1,0,1
thurid,1,0,1
thursdaya,1,0,1
timedisplaye,1,0,1
unappetize,1,0,1
umwir,1,0,1
tiring,1,0,1
tisch,1,0,1
tischler,1,0,1
titan,1,0,1
tithing,1,0,1
unadorned,1,0,1
unadjusted,1,0,1
tk,1,0,1
tlaeber,1,0,1
unacceptably,1,0,1
tliche,1,0,1
tll,1,0,1
tlpish,1,0,1
tly,1,0,1
tlz,0,1,1
tml,1,0,1
unabated,1,0,1
tmsb4cjt2fdvzkjmxszayvgccahtml,1,0,1
tno,1,0,1
toaio,1,0,1
toaioreally,1,0,1
unabate,1,0,1
toas,1,0,1
umwirunigich,1,0,1
unaffordable,1,0,1
tiredness,1,0,1
timeless,1,0,1
tipstop,1,0,1
timenot,1,0,1
unappealing,1,0,1
timeon,1,0,1
timeslooke,1,0,1
timeto,1,0,1
timewas,1,0,1
timmilliardr,1,0,1
unanswered300,1,0,1
timo,1,0,1
timofij,1,0,1
timotheus,1,0,1
timpani,1,0,1
unannounced,1,0,1
tine,1,0,1
tinering,1,0,1
tineye,1,0,1
unanimized,1,0,1
tinka,1,0,1
tinkerer,1,0,1
tint,1,0,1
unambiguously,1,0,1
tipps,1,0,1
tipsfor,1,0,1
tpus,1,0,1
traantic,1,0,1
trabant,1,0,1
trollinger,1,0,1
trolly,0,1,1
trott,1,0,1
trottel,1,0,1
trotting,1,0,1
troubles,1,0,1
troubleshooting,1,0,1
troublesome,1,0,1
tweezer,1,0,1
troubling,1,0,1
troupe,1,0,1
trtps,1,0,1
twardthe6,1,0,1
truid,1,0,1
trullirank,1,0,1
twaice,1,0,1
trumpet,1,0,1
tvwe,1,0,1
trumpmany,1,0,1
trumps,1,0,1
tvturnover,1,0,1
tvobeye,1,0,1
truthsquestioning,1,0,1
trycon,1,0,1
trolls,1,0,1
trojan,1,0,1
tsa,1,0,1
trogy,1,0,1
twittr,1,0,1
twitterific,1,0,1
twitterexpressions,1,0,1
triefing,1,0,1
tries,1,0,1
trifle,1,0,1
trigonometry,1,0,1
trill,1,0,1
twittercomricksuit164298126177728,1,0,1
trimmeder,1,0,1
trinity,1,0,1
twisted,1,0,1
tripadvisor,1,0,1
twich,1,0,1
tripscan,1,0,1
twicethis,1,0,1
triptych,1,0,1
trites,1,0,1
triumphalism,1,0,1
twicethe,1,0,1
trivialize,1,0,1
twet,1,0,1
trnenlach,1,0,1
tryna,1,0,1
tsami,1,0,1
ugur,1,0,1
tuesdayjobs,1,0,1
tul,1,0,1
tulle,1,0,1
turquoise,1,0,1
turpentine,1,0,1
tumblr,1,0,1
tumel,0,1,1
tumideal,1,0,1
tumin,1,0,1
tumisu,1,0,1
tumthe,1,0,1
tumult,1,0,1
tungsten,1,0,1
tuni,1,0,1
tunisia,1,0,1
tunisian,1,0,1
turaishe,1,0,1
turbocariant,1,0,1
turbocharge,1,0,1
turnedbecame,1,0,1
turk,1,0,1
turned,1,0,1
turkeyagainst,1,0,1
turnarium,1,0,1
tuition,1,0,1
tuesdayand,1,0,1
tvif,1,0,1
tudorache,1,0,1
tschacka,1,0,1
tschentscher,1,0,1
tscheplanowa,1,0,1
tschernobyl,1,0,1
tvby,1,0,1
tschi,1,0,1
tschleplesplanowa,1,0,1
tschner,1,0,1
tschulzowa,1,0,1
tsiupka,1,0,1
tuttlingen,1,0,1
tsn,1,0,1
tsumura,1,0,1
tt,1,0,1
ttaeuscht,1,0,1
tutin,1,0,1
tustin,1,0,1
ttdsg,1,0,1
ttron,1,0,1
tus,1,0,1
tuare,1,0,1
tub,1,0,1
tucholsky,1,0,1
tried,1,0,1
twoagainst,1,0,1
tridian,1,0,1
tranche,1,0,1
ucla,1,0,1
transcendent,1,0,1
transcover,1,0,1
uckermark,1,0,1
transferable,1,0,1
transferring,1,0,1
transformations,1,0,1
ubw,1,0,1
transformatively,1,0,1
ubuntu,1,0,1
transgender,1,0,1
transhumanism,1,0,1
ubnqvgronbpzjbpzjbpzjbkqinczutwe4html,1,0,1
ublock,1,0,1
transience,1,0,1
translated,1,0,1
translategooglecom,1,0,1
translational,1,0,1
translators20,1,0,1
ubiquitarian,1,0,1
translitor,1,0,1
transmame,1,0,1
ub5sof3uy5lgbgul2fipqaxxmhtml,1,0,1
traning,1,0,1
trampoline,1,0,1
trickbot,1,0,1
trample,1,0,1
tracey,1,0,1
tracht,1,0,1
tracificability,1,0,1
traction,1,0,1
tracy,1,0,1
tradegate,1,0,1
ufothe,1,0,1
trader,1,0,1
ufos,1,0,1
ufoas,1,0,1
ufficia,1,0,1
tragicomedy,1,0,1
trailing,1,0,1
uelle,1,0,1
ueberlastet,1,0,1
trainingin,1,0,1
trainingthat,1,0,1
trains,1,0,1
trainwith,1,0,1
ueben,1,0,1
trajectory,1,0,1
trakl,1,0,1
tram,1,0,1
transparencyto,1,0,1
ub,1,0,1
uapto,1,0,1
uapthose,1,0,1
trends,1,0,1
trendsmental,1,0,1
trenet,1,0,1
trent,1,0,1
tretbar,1,0,1
trettmann,1,0,1
trevor,1,0,1
tri,1,0,1
triact,1,0,1
triage,1,0,1
typed,1,0,1
trialogue,1,0,1
trials,1,0,1
trianglesdraw,1,0,1
triass,1,0,1
tribal,1,0,1
tribe,1,0,1
tribulation,1,0,1
tymoczko,1,0,1
tyler,1,0,1
tribunal,1,0,1
tricing,1,0,1
twombly,1,0,1
trendreport,1,0,1
typeseter,1,0,1
trellis,1,0,1
trashy,1,0,1
transperson,1,0,1
transpersonen,1,0,1
uapat,1,0,1
transporter,1,0,1
uainvr,1,0,1
transrobate,1,0,1
transsexual,1,0,1
transthobia,1,0,1
transverse,1,0,1
u14,1,0,1
tzu,1,0,1
trekaie,1,0,1
traveling,1,0,1
tyree,1,0,1
treasurer,1,0,1
tyrant,1,0,1
tyranny,1,0,1
treasury,1,0,1
typography,1,0,1
treate,1,0,1
treeswith,1,0,1
treethe,1,0,1
threearticle,1,0,1
threatsa,1,0,1
taxpayerstax,1,0,1
terrorize,1,0,1
tert,1,0,1
tertiary,1,0,1
unescothe,1,0,1
unescoa,1,0,1
tested,1,0,1
testedauthor,1,0,1
testimage,1,0,1
teststhe,1,0,1
unerringly,1,0,1
tetheredcord,1,0,1
tetra,1,0,1
tetro,1,0,1
teuber,1,0,1
teuerblipt,1,0,1
teufelskerl,1,0,1
teutloff,1,0,1
tex,1,0,1
texan,1,0,1
textant,1,0,1
uneducated,1,0,1
uneclect,1,0,1
textbot,1,0,1
textcontained,1,0,1
uneven,1,0,1
unexcited,1,0,1
textlet,1,0,1
unexpecte,1,0,1
tendril,1,0,1
tends,1,0,1
tenet,1,0,1
unfavorably,1,0,1
tensione,1,0,1
unfamiliar,1,0,1
tentative,1,0,1
tenten,1,0,1
unfaelle,1,0,1
unexplored,1,0,1
terbegen,1,0,1
terechow,1,0,1
unexploited,1,0,1
term300,1,0,1
termanother,1,0,1
terminally,1,0,1
terminals,1,0,1
unexpliable,1,0,1
termist,1,0,1
terms,1,0,1
terraster,1,0,1
unexplained2,1,0,1
terrific,1,0,1
textil,0,1,1
textor,1,0,1
tendencies59,1,0,1
thansomeone,1,0,1
that1523599072,1,0,1
undisciplined,1,0,1
thataffect,1,0,1
thatas,1,0,1
thatbeautiful,1,0,1
thatdepp,1,0,1
thateconomy,1,0,1
thateveryone,1,0,1
thateverythe,1,0,1
thathas,1,0,1
undesired,1,0,1
thathis,1,0,1
thatintend,1,0,1
thatis,1,0,1
underwriter,1,0,1
thatlose,1,0,1
thatnow,1,0,1
thatown,1,0,1
thatreference,1,0,1
undertrust,1,0,1
undertone,1,0,1
thatresearch,1,0,1
thatsaid,1,0,1
undisguise,1,0,1
thanshine,1,0,1
unearthly,1,0,1
thanksgoogle,1,0,1
textsbacaing,1,0,1
undupdated,1,0,1
textsmake,1,0,1
textsnswer,1,0,1
textsof,1,0,1
textssummarize,1,0,1
textstraine,1,0,1
undressed,1,0,1
textsynthes,1,0,1
textsynthesis,1,0,1
textto,1,0,1
texture,1,0,1
tfc,1,0,1
tfeai,1,0,1
tfertenland,1,0,1
thai,1,0,1
undone,1,0,1
undo,1,0,1
than30,1,0,1
thana,1,0,1
thanadvantage,1,0,1
thanalso,1,0,1
thangefully,1,0,1
tendonitis,1,0,1
tendele,1,0,1
unbound,1,0,1
techmedium,1,0,1
technicalconditional,1,0,1
uninterrupted,1,0,1
technicalprocess,1,0,1
techniker,1,0,1
technikmesse,1,0,1
technobiological,1,0,1
technocrat,1,0,1
technocratic,1,0,1
technocultural,1,0,1
unintelligent,1,0,1
technologie,1,0,1
technologies68,1,0,1
uninhabitable,1,0,1
uninformed,1,0,1
technology2022,1,0,1
technology2023,1,0,1
technology202309,1,0,1
uninfluence,1,0,1
technology202318,1,0,1
technology48450604,1,0,1
technology8000,1,0,1
technologycan,1,0,1
unimpressed,1,0,1
unioncomprehensive,1,0,1
techjournalism,1,0,1
technologynteractive2023i,1,0,1
techforum,0,1,1
taycan,1,0,1
tayt,1,0,1
tayyip,1,0,1
tb,1,0,1
tc3g26cf65dn3mewc4egu6dqsehtml,1,0,1
te,1,0,1
te3qz2vglzium6kxtwj6moahtml,1,0,1
teaanger,1,0,1
unison,1,0,1
teacherverband,1,0,1
teaches,1,0,1
teamto,1,0,1
uniquenessphilosophically,1,0,1
teardown,1,0,1
teberlastet,1,0,1
tech300,1,0,1
techaffin,1,0,1
techblogger,1,0,1
techbrse,1,0,1
techcrunchcom202210,1,0,1
techcrunchcom202304,1,0,1
techcrunchcom202308lueskys,1,0,1
techem,1,0,1
technologyiard,1,0,1
technologystrength,1,0,1
temtem,1,0,1
teleconitation,1,0,1
telemedical,1,0,1
telemedicine,1,0,1
teleoperator,1,0,1
telephoneadvice,1,0,1
uniadddumths,1,0,1
teletubbie,1,0,1
unheard,1,0,1
teller,1,0,1
telling,1,0,1
tells,1,0,1
telsa,1,0,1
ungrateful,1,0,1
tempelhofer,1,0,1
ungrammatical,1,0,1
ungracified,1,0,1
unglicht,1,0,1
templar,1,0,1
unglamorous,1,0,1
ungesicht,1,0,1
templates,1,0,1
ungasseman,1,0,1
temple,1,0,1
tempos,1,0,1
teleeflae,1,0,1
telecom,1,0,1
techpromis,1,0,1
tele,1,0,1
techradar,1,0,1
techriese,1,0,1
techxplore,1,0,1
unimaginative,1,0,1
teeber,1,0,1
teegut,1,0,1
teenage,1,0,1
teeth,1,0,1
unileprosy,1,0,1
teethe,1,0,1
teev,1,0,1
unilaterally,1,0,1
tefs,1,0,1
tegel,1,0,1
tegmarkand,1,0,1
tegmarklike,1,0,1
tehen,1,0,1
tehrtechnology,1,0,1
tejal,1,0,1
tekes,1,0,1
unified,1,0,1
unidetified,1,0,1
unidentified,1,0,1
thatshort,1,0,1
thatstars,1,0,1
underthe,1,0,1
thetech,1,0,1
uncontrover,1,0,1
thethird,1,0,1
thetoday,1,0,1
thetroops,1,0,1
theusa,1,0,1
theuse,1,0,1
thewebsite,1,0,1
thewga,1,0,1
thewhat,1,0,1
thewhole,1,0,1
thewild,1,0,1
unconstitutional,1,0,1
thewinter,1,0,1
theydevelop,1,0,1
theyear,1,0,1
theyhad,1,0,1
theyou,1,0,1
theyve,1,0,1
thezombie,1,0,1
thiagaraja,1,0,1
thicken,1,0,1
thicket,1,0,1
unconfirmed,1,0,1
thetechnical,1,0,1
thetable,1,0,1
thinaingbecome,1,0,1
thesystems,1,0,1
thereforetake,1,0,1
therehelp,1,0,1
therepresentatives,1,0,1
undercover,1,0,1
underalso,1,0,1
undemande,1,0,1
thermal,1,0,1
undefined,1,0,1
thermo,1,0,1
undeclared,1,0,1
thermomix,1,0,1
thermoplastic,1,0,1
thermostat,1,0,1
thesample,1,0,1
thesaure,1,0,1
uncut,1,0,1
uncovered,1,0,1
thesave,1,0,1
uncoordinate,1,0,1
uncool,1,0,1
thesiscapitalism,1,0,1
thespeech,1,0,1
thesurface,1,0,1
unconditionalbasic,1,0,1
uncompromise,1,0,1
thatthey,1,0,1
uncle,1,0,1
thorne,1,0,1
thoroughbred,1,0,1
thorstens,1,0,1
thosebre,1,0,1
thoseshe,1,0,1
thoseso,1,0,1
unchangeability,1,0,1
unchallenged,1,0,1
thoughtlessly,1,0,1
uncertaty,1,0,1
thoughttext,1,0,1
thousands,1,0,1
uncertaintie,1,0,1
thousandth,1,0,1
uncertained,1,0,1
thousandths,1,0,1
threads,0,1,1
threadstake,1,0,1
uncensored,1,0,1
uncasous,1,0,1
uncarverly,1,0,1
threatened,1,0,1
threatenedbots,1,0,1
thorborg,1,0,1
thora,1,0,1
thingsan,1,0,1
unclearand,1,0,1
thingscan,1,0,1
thingsthat,1,0,1
thinly,1,0,1
thirds,1,0,1
thirst,1,0,1
thirteen,1,0,1
thisalpha,1,0,1
uncomfortably,1,0,1
thisbetter,1,0,1
thiscase,1,0,1
thischeck,1,0,1
thiscountry,1,0,1
thiscultural,1,0,1
thisform,1,0,1
thisgovernment,1,0,1
thisis,1,0,1
thisnewsletter,1,0,1
thissay,1,0,1
thisselecte,1,0,1
thisstudy,1,0,1
thistext,1,0,1
thisthe,1,0,1
thiswe,1,0,1
thereforein,1,0,1
undercoverat,1,0,1
thereaux,1,0,1
thecope,1,0,1
understatus,1,0,1
thecorrecte,1,0,1
understandor,1,0,1
thecredibility,1,0,1
thecrown,1,0,1
thedisinformation,1,0,1
theecological,1,0,1
theelection,1,0,1
theencryption,1,0,1
thefamous,1,0,1
understanded,1,0,1
thefounders,1,0,1
thefuture,1,0,1
thegoogle,1,0,1
understaffing,1,0,1
thehave,1,0,1
undersigned,1,0,1
underside,1,0,1
theible,1,0,1
theinterceptcom20230725,1,0,1
underserve,1,0,1
theirresult,1,0,1
theirswork,1,0,1
understatz,1,0,1
understood,1,0,1
therapyist,1,0,1
theconsequences,1,0,1
thatthis,1,0,1
thatto,1,0,1
thattrie,1,0,1
thatwarne,1,0,1
thatyou,1,0,1
the80s,1,0,1
thea,1,0,1
theactual,1,0,1
undertaken,1,0,1
thealgorithm,1,0,1
thealgorithmunpaid,1,0,1
theartificial,1,0,1
theartistsnet,1,0,1
theatrical,1,0,1
thebattlefield,1,0,1
thebest,1,0,1
theboom,1,0,1
thebringing,1,0,1
thebuchs,1,0,1
theclimate,1,0,1
thecognitive,1,0,1
thecommon,1,0,1
thecompetitors,1,0,1
theis,1,0,1
theknow,1,0,1
underrepresentation,1,0,1
theknowing,1,0,1
thenewbreed,1,0,1
thenif,1,0,1
thenight,1,0,1
thenkpause,1,0,1
thenot,1,0,1
thentechnically,1,0,1
thenyes,1,0,1
theodize,1,0,1
underfunde,1,0,1
underfloor,1,0,1
theologians,1,0,1
underestimation,1,0,1
theologically,1,0,1
underdrew,1,0,1
theosopher,1,0,1
theotto,1,0,1
theown,1,0,1
theplans,1,0,1
thepopedrip,1,0,1
thepotential,1,0,1
thequestion,1,0,1
therapeutically,1,0,1
therapeutician,1,0,1
theneptune,1,0,1
thename,1,0,1
underlined,1,0,1
underprivileged,1,0,1
underproportional,1,0,1
thelast,1,0,1
thelazercow,1,0,1
theleading,1,0,1
theletter,1,0,1
thelimits,1,0,1
thelot,1,0,1
them1,1,0,1
themarrival,1,0,1
thematize,1,0,1
themessage,1,0,1
themwho,1,0,1
theminiating,1,0,1
themnumerous,1,0,1
themor,1,0,1
thempeople,1,0,1
underperformance,1,0,1
themretire,1,0,1
underother,1,0,1
themselvessome,1,0,1
themthe,1,0,1
themtime,1,0,1
solutionthe,1,0,1
solutionsto,1,0,1
ravage,1,0,1
roberta,1,0,1
wernickealludes,1,0,1
robespierre,1,0,1
robischon,1,0,1
roboautos,1,0,1
robocoma,1,0,1
robocop,1,0,1
robofish,1,0,1
robolabs,1,0,1
roboschnkeit,1,0,1
robotaxie,1,0,1
robotes,1,0,1
roboticsthe,1,0,1
robotsand,1,0,1
robotstxt,1,0,1
wermisste,1,0,1
robux,1,0,1
robyn,1,0,1
rocco,1,0,1
werkt,1,0,1
werker,1,0,1
werk,1,0,1
wereof,1,0,1
werderschen,1,0,1
roberto,1,0,1
robby,1,0,1
rocky,1,0,1
robber,1,0,1
rize,1,0,1
wes,1,0,1
rizos,1,0,1
rizzoti,1,0,1
rkv63ekoqfjudfammuralyyyhtml,1,0,1
rlp,1,0,1
rmer,1,0,1
rndbut,1,0,1
rnddemessage,1,0,1
rnddewirtschaftpost,1,0,1
rndl,1,0,1
rndoften,1,0,1
rndr,1,0,1
rndshe,1,0,1
rndthe,1,0,1
rnnd,1,0,1
wersticht,1,0,1
roadmap,1,0,1
roads,1,0,1
roadside,1,0,1
roai,1,0,1
roast,1,0,1
robbe,1,0,1
rockperforme,1,0,1
rod,1,0,1
wesen,1,0,1
wendel,1,0,1
wemmer,1,0,1
rombach,1,0,1
romero,1,0,1
romings,1,0,1
romy,1,0,1
ronny,1,0,1
roofers,1,0,1
weltenbauer,1,0,1
welsher,1,0,1
welsh,1,0,1
roomba,1,0,1
rooobbeeeeen,1,0,1
wellthat,1,0,1
welllong,1,0,1
roosevelt,1,0,1
rooster,1,0,1
wellington,1,0,1
roots,1,0,1
rort,1,0,1
rosario,1,0,1
welinder,1,0,1
welfareput,1,0,1
rosenberg,1,0,1
romanlipsai,1,0,1
wenders,1,0,1
rodero,1,0,1
romain,1,0,1
rodgau,1,0,1
rodrguez,1,0,1
roe,1,0,1
roelcke,1,0,1
roftiobout,1,0,1
rogenmoser,1,0,1
roger,1,0,1
rohit,1,0,1
rohleder,1,0,1
rohr,1,0,1
wenzel,1,0,1
rohwetter,1,0,1
rolandberg,1,0,1
rolespeak,1,0,1
rolethat,1,0,1
wenxin,1,0,1
went,1,0,1
rolland,1,0,1
wenn,1,0,1
weniger,1,0,1
rollator,1,0,1
rolnick,1,0,1
rom,1,0,1
rivet,1,0,1
riverside,1,0,1
rosenheim,1,0,1
rhododendron,1,0,1
ric,1,0,1
rica,1,0,1
whatsup,1,0,1
rican,1,0,1
whatourselve,1,0,1
whalley,1,0,1
ricci,1,0,1
wgathe,1,0,1
wg,1,0,1
richest,1,0,1
richricher,1,0,1
richt,1,0,1
weymark,1,0,1
richy,1,0,1
rickert,1,0,1
wewill,1,0,1
ricket,1,0,1
weweilkleinste,1,0,1
ricky,1,0,1
wetzlar,1,0,1
riddle,1,0,1
wetter,0,1,1
ridge,1,0,1
wheatbaum,1,0,1
rhne,1,0,1
riedberg,1,0,1
rhizomatic,1,0,1
whichget,1,0,1
revolver,1,0,1
whichever,1,0,1
rewarde,1,0,1
rewarding,1,0,1
rewish,1,0,1
reworaing,1,0,1
reyhaneh,1,0,1
whichbrain,1,0,1
whethershe,1,0,1
rezo,1,0,1
rgen,1,0,1
rhapsody,1,0,1
rheinberg,1,0,1
whethermusic,1,0,1
rheinbllen,1,0,1
rheinisch,1,0,1
whetherit,1,0,1
rheinmetallchef,1,0,1
whethera,1,0,1
rhett,1,0,1
rheumatism,1,0,1
rhingine,1,0,1
ridiculousness,1,0,1
riehle,1,0,1
rivera,1,0,1
risiko,1,0,1
risk255hosxbezloucpqslh2cikmhtml,1,0,1
westdeutscher,1,0,1
risk47,1,0,1
riska,1,0,1
riskaffecte,1,0,1
riskology,1,0,1
risks25,1,0,1
riskscomprehensive,1,0,1
risksfuele,1,0,1
riskshtml,1,0,1
riskstheir,1,0,1
westbreake,1,0,1
wessels,1,0,1
risse,1,0,1
rita,1,0,1
ritchie,1,0,1
rituals,1,0,1
ritzau,1,0,1
riva,1,0,1
wess,1,0,1
wesley,1,0,1
rive,1,0,1
wesens,1,0,1
westermann,1,0,1
westerwald,1,0,1
rieke,1,0,1
rish,1,0,1
riemer,1,0,1
riester,1,0,1
rigby,1,0,1
righthave,1,0,1
westtech,1,0,1
rightsist,1,0,1
rightsviolate,1,0,1
rightthe,1,0,1
rigidly,1,0,1
rijksmuseum,1,0,1
westminster,1,0,1
rilkeschen,1,0,1
westin,1,0,1
ringaga,1,0,1
rinke,1,0,1
rinyirru,1,0,1
rioting,1,0,1
riots,1,0,1
westfalenhtte,1,0,1
ripe,1,0,1
ripen,1,0,1
ripuarian,1,0,1
riser,1,0,1
rosenblatt,1,0,1
rosenthal,1,0,1
vhs,1,0,1
sache,1,0,1
weasley,1,0,1
sacher,1,0,1
weary,1,0,1
wears,1,0,1
sacht,1,0,1
saclay,1,0,1
sacrament,1,0,1
sacred,1,0,1
sact,1,0,1
sada,1,0,1
sadden,1,0,1
sadin,1,0,1
sadistic,1,0,1
safaripark,1,0,1
safer,1,0,1
sage,1,0,1
sagerbut,1,0,1
sagitters,1,0,1
said65,1,0,1
wchter,1,0,1
saidand,1,0,1
saidit,1,0,1
saidwhich,1,0,1
weatherproof,1,0,1
sachbuch,0,1,1
sailboat,1,0,1
sach,1,0,1
ry6hyg3asha,1,0,1
webheute,1,0,1
rye,1,0,1
ryglewsai,1,0,1
ryichi,1,0,1
ryvupskh6fgctcgmkgw4wvsmhtml,1,0,1
webex,1,0,1
rz,1,0,1
s20,1,0,1
weberfall,1,0,1
s3,1,0,1
s3xdy4zzbr3h2fq36qlcvcnahtml,1,0,1
s4,1,0,1
s41467,1,0,1
s41598,1,0,1
saarbrck,1,0,1
web3and,1,0,1
saarlouis,1,0,1
web3,1,0,1
sabar,1,0,1
sabbatical,1,0,1
weaving,1,0,1
saber,1,0,1
sail,1,0,1
sailfully,1,0,1
rxivorgbs210700061,1,0,1
salenstein,1,0,1
watery,1,0,1
salisbury,1,0,1
saliva,1,0,1
waters,1,0,1
watermelon,1,0,1
salmon,1,0,1
waterloo,1,0,1
salty,1,0,1
watering,1,0,1
salvador,1,0,1
salvage,1,0,1
watergate,1,0,1
salve,1,0,1
salzburg,1,0,1
samanthatry,1,0,1
samawatie,1,0,1
samaya,1,0,1
samechannel,1,0,1
sameer,1,0,1
samegrab,1,0,1
samepaid,1,0,1
sami,1,0,1
samia,1,0,1
salesall,1,0,1
wattig,1,0,1
wb,1,0,1
watts,1,0,1
sailing,1,0,1
wazir,1,0,1
waze,1,0,1
saills,1,0,1
wayrobokoma,1,0,1
sailor,1,0,1
saim,1,0,1
waylife,1,0,1
saimming,1,0,1
waxy,1,0,1
waxern,1,0,1
sainnedin,1,0,1
sainsbury,1,0,1
sainte,1,0,1
waver,1,0,1
sakamoto,1,0,1
sal,1,0,1
salakhutdinov,1,0,1
salamander,1,0,1
salarie,1,0,1
watumull,1,0,1
wattsuse,1,0,1
salbant,1,0,1
rxivorgbs230403271,1,0,1
rxivorgbs210410350,1,0,1
rosetti,1,0,1
roundhalf,1,0,1
roundling,1,0,1
routesthat,1,0,1
rouxcel,1,0,1
weidell,1,0,1
weidel,1,0,1
weibo,1,0,1
weibel,1,0,1
royale,1,0,1
wei,1,0,1
rppel,1,0,1
rpr1,1,0,1
rpr1some,1,0,1
rpraesentantenhaus,1,0,1
wegna,1,0,1
rruprente,1,0,1
rsporsche,1,0,1
rsport,1,0,1
rsselsheim,1,0,1
rstechnicacomnformation,1,0,1
rt5without,1,0,1
rthy,1,0,1
rts,1,0,1
wefthat,1,0,1
weil,1,0,1
roundabout,1,0,1
rubidium,1,0,1
round800,1,0,1
rosettstofold,1,0,1
welche,1,0,1
roskomswoboda,1,0,1
rosling,1,0,1
weitz,1,0,1
ross,1,0,1
rossetti,1,0,1
roster,1,0,1
rostock,1,0,1
weitklick,1,0,1
weiterstadt,1,0,1
rosttalsai,1,0,1
weiter,1,0,1
rotatable,1,0,1
weisband,1,0,1
rothblatt,1,0,1
rotherbaum,1,0,1
rotunda,1,0,1
weir,1,0,1
weinstein,1,0,1
weingarten,1,0,1
weimarer,1,0,1
weiland,1,0,1
rttgen,1,0,1
ruble,1,0,1
ruvic,1,0,1
weeklyearn,1,0,1
runaway,1,0,1
rund,1,0,1
runde,1,0,1
runkeeper,1,0,1
wedomosti,1,0,1
runway,1,0,1
ruprecht,1,0,1
ruralization,1,0,1
rurout,1,0,1
rurpremiered,1,0,1
ruslan,1,0,1
russell5,1,0,1
russen,1,0,1
websitespecify,1,0,1
russianmessage,1,0,1
russwurm,1,0,1
rust,1,0,1
rustbe,1,0,1
rustle,1,0,1
rusty,1,0,1
rutger,1,0,1
rutherford,1,0,1
ruthlessly,1,0,1
runalyze,1,0,1
rumpenhorst,1,0,1
wefinggast,1,0,1
rump,1,0,1
wefing,1,0,1
ruck,1,0,1
rudd,1,0,1
rudder,1,0,1
rudimentarily,1,0,1
rugged,1,0,1
wefe,1,0,1
ruine,1,0,1
weems,1,0,1
ruir,1,0,1
ruislip,1,0,1
ruja,1,0,1
weel,1,0,1
rules,0,1,1
rulf,1,0,1
weekshas,1,0,1
rum,1,0,1
rumberger,1,0,1
rumelhart,1,0,1
ruminating,1,0,1
weeksagain,1,0,1
weekmatthias,1,0,1
rumorse,1,0,1
whichis,1,0,1
whichmayor,1,0,1
whichno,1,0,1
referation,1,0,1
referner,1,0,1
withoutconvince,1,0,1
refiner,1,0,1
refining,1,0,1
withoutany,1,0,1
reflewer,1,0,1
reflex,1,0,1
reflexive,1,0,1
reflexively,1,0,1
withhas,1,0,1
reformation,1,0,1
reformer,1,0,1
withhappen,1,0,1
reformof,1,0,1
withhad,1,0,1
withgenerative,1,0,1
refreshingly,1,0,1
refreshment,1,0,1
refrise,1,0,1
withdrawing,1,0,1
withdigital,1,0,1
refuser,1,0,1
withcould,1,0,1
withsophia,1,0,1
withto,1,0,1
withartificial,1,0,1
withwill,1,0,1
recycel,1,0,1
recyclable,1,0,1
wlkenlead,1,0,1
wld,1,0,1
recycled,1,0,1
wkdqc6mifj4,1,0,1
redditposts,1,0,1
redeen,1,0,1
redemanus,1,0,1
redford,1,0,1
rediscover,1,0,1
rediscovered,1,0,1
redmayne,1,0,1
witzen,1,0,1
redmont,1,0,1
witz,0,1,1
redundant,1,0,1
wittmann,1,0,1
reeds,1,0,1
reefgave,1,0,1
reel,1,0,1
reesearch,1,0,1
refeintelligenziometriehtml,1,0,1
refuted,1,0,1
reg,1,0,1
rectify,1,0,1
wirtschaftnflation,1,0,1
wirsings,1,0,1
wirsinginfo,1,0,1
rehabeam,1,0,1
rehabilitation,1,0,1
wiring,1,0,1
rehkopf,1,0,1
rehlinger,1,0,1
reiche,1,0,1
reichslapfhalter,1,0,1
reicht,1,0,1
reichwein,1,0,1
reiermann,1,0,1
reimann,1,0,1
reimburse,1,0,1
wiredin,1,0,1
reimund,1,0,1
reinarian,1,0,1
reincarnation,1,0,1
reinstate,1,0,1
wiping,1,0,1
wipfel,1,0,1
reinsurer,1,0,1
reintegration,1,0,1
wirtschaft4,1,0,1
wirtschafts,1,0,1
withaccorde,1,0,1
regulationai,1,0,1
witha,1,0,1
regardto,1,0,1
regenbogen,1,0,1
witchcraft,1,0,1
regenerative,1,0,1
reggae,1,0,1
reggio,1,0,1
regimen,1,0,1
regiolect,1,0,1
wissendenachrichteniologywarum,1,0,1
regionalbank,1,0,1
regionalization,1,0,1
regionally,1,0,1
wishful,1,0,1
wiser,1,0,1
registry,1,0,1
regnery,1,0,1
regognition,1,0,1
regrettable25,1,0,1
wisconsin,1,0,1
wischnevsky,1,0,1
wirtz,1,0,1
wirtschaftutonome,1,0,1
wm,1,0,1
wm2014,1,0,1
whichpart,1,0,1
workbench,1,0,1
readers,1,0,1
readersit,1,0,1
work1,1,0,1
readyou,1,0,1
realbore,1,0,1
realdoll,1,0,1
realeyes,1,0,1
realism,1,0,1
wordsthan,1,0,1
words,1,0,1
wordpresscom,1,0,1
reality2022,1,0,1
realizable,1,0,1
wordestimates,1,0,1
woraingcareful,1,0,1
realschullehrerverband,1,0,1
realty,1,0,1
realye,1,0,1
reanalysis,1,0,1
reappear,1,0,1
rearview,1,0,1
reason53,1,0,1
woooooah,1,0,1
readermail,1,0,1
reade,1,0,1
reasonless,1,0,1
workbenchbenefit,1,0,1
workless,1,0,1
workflow,1,0,1
raven,1,0,1
ravenross,1,0,1
ravensburg,1,0,1
workershuman,1,0,1
raymond,1,0,1
raytrace,1,0,1
raytracing,1,0,1
rbc,1,0,1
rbk963there,1,0,1
rckeis,1,0,1
rdelheim,1,0,1
rder,1,0,1
worked,1,0,1
rdesheim,1,0,1
rdiger,1,0,1
workday,1,0,1
reabte,1,0,1
workchange,1,0,1
workcan,1,0,1
reactionable,1,0,1
reactionary,1,0,1
reasoning,1,0,1
reassurance,1,0,1
rectification,1,0,1
wolle,1,0,1
reckless,1,0,1
reckoningpart,1,0,1
wolfson,1,0,1
recognizably,1,0,1
recognizedoverall,1,0,1
wolfs,1,0,1
wolframt,1,0,1
recommende,1,0,1
recommended,1,0,1
wolframalpha,1,0,1
reconciled,1,0,1
wolfenbttel,1,0,1
wokegpt,1,0,1
wojcicai,1,0,1
woidke,1,0,1
recordingswere,1,0,1
recordsto,1,0,1
woe,1,0,1
recoverable,1,0,1
wochs,1,0,1
recreation,1,0,1
recruiter,1,0,1
recruiting,1,0,1
wolkenkratzerhausen,1,0,1
wolters,1,0,1
reback,1,0,1
recipes80,1,0,1
rebekka,1,0,1
woods,1,0,1
woodcut,1,0,1
rebooaing,1,0,1
rebooke,1,0,1
reboot,1,0,1
recalibrate,1,0,1
recap,1,0,1
recapture,1,0,1
recede,1,0,1
received,1,0,1
recentlyhas,1,0,1
recep,1,0,1
recept,1,0,1
receptionist,1,0,1
wonderai,1,0,1
recessed,1,0,1
wond,1,0,1
womex4iqlvgcxorfmemge7ijwahtml,1,0,1
womethical,1,0,1
womenthat,1,0,1
women4ethical,1,0,1
rechtsanwaltsgesellschaft,1,0,1
winta,1,0,1
reinterpret,1,0,1
reinterpretation,1,0,1
resetting,1,0,1
resiliently,1,0,1
resistantbecause,1,0,1
resistenen,1,0,1
resolute,1,0,1
resolutions,1,0,1
resonate,1,0,1
resourcesha,1,0,1
wiai,1,0,1
respectfully,1,0,1
respectiveyear,1,0,1
resperschecher,1,0,1
responent,1,0,1
whyalgorithm,1,0,1
whrmann,1,0,1
responsive,1,0,1
responsiveness,1,0,1
responsuant,1,0,1
resserfacht,0,1,1
whomsystem,1,0,1
restaurateurs,1,0,1
resticry,1,0,1
restlessly,1,0,1
restlessness,1,0,1
resettlement,1,0,1
wicked,1,0,1
whoare,1,0,1
reservist,1,0,1
requestbrought,1,0,1
requestcreate,1,0,1
requestto,1,0,1
requirementsand,1,0,1
requisiteer,1,0,1
reschedule,1,0,1
widmann,1,0,1
rescue236,1,0,1
widget,1,0,1
researchbe,1,0,1
researchersthe,1,0,1
researcherthe,1,0,1
researchgithubioseanetudiopalmexamples,1,0,1
researchgpt,1,0,1
researchlphafold,1,0,1
researchpublishe,1,0,1
researchs,1,0,1
resell,1,0,1
wider,1,0,1
resend,1,0,1
resentful,1,0,1
widening,1,0,1
wicklung,1,0,1
restraint,1,0,1
restrictcan,1,0,1
reintroduction,1,0,1
reusable,1,0,1
reutlingen,1,0,1
revanur,1,0,1
whirl,1,0,1
revecht,1,0,1
revel,1,0,1
whir,1,0,1
revenuesthe,1,0,1
revere,1,0,1
reverion,1,0,1
reversal25,1,0,1
reversed,1,0,1
whining,1,0,1
reviewers,1,0,1
whine,1,0,1
whimper,1,0,1
revising,1,0,1
whichword,1,0,1
revitalization,1,0,1
whichwe,1,0,1
revocation,1,0,1
revoicer,1,0,1
whichtopic,1,0,1
whichprisoner,1,0,1
whirled,1,0,1
whirlpool,1,0,1
restricted,1,0,1
reunite,1,0,1
whoalso,1,0,1
whizz,1,0,1
restry,1,0,1
restthe,1,0,1
whiz,1,0,1
resultsindicate,1,0,1
whitman,1,0,1
resumption,1,0,1
resurrected,1,0,1
retell,1,0,1
retene,1,0,1
retina,1,0,1
retrospective,1,0,1
retrospectively,1,0,1
retrosynthesis,1,0,1
retrovirusproduction,1,0,1
returning,1,0,1
returns,1,0,1
reubauf,1,0,1
reuel,1,0,1
whisker,1,0,1
reukauf,1,0,1
reulel,1,0,1
wiebke,1,0,1
wienand,1,0,1
repulsive,1,0,1
windmill,1,0,1
windboy,1,0,1
reliablebestsell,1,0,1
reliablyto,1,0,1
winbabenco,1,0,1
relie,1,0,1
wimmer,1,0,1
reliever,1,0,1
wim,1,0,1
wilt,1,0,1
religiously,1,0,1
wilpert,1,0,1
remaining,1,0,1
remainsluxurious,1,0,1
willsttt,1,0,1
willsaid,1,0,1
remarker,1,0,1
rembrandt,1,0,1
remedial,1,0,1
willner,1,0,1
remembers,1,0,1
remembrance,1,0,1
willm,1,0,1
remigration,1,0,1
relevanthad,1,0,1
windowboard,1,0,1
wiener,1,0,1
relentlessness,1,0,1
reinvention,1,0,1
reinveste,1,0,1
reitz,1,0,1
winstons,1,0,1
winston,1,0,1
winslet,1,0,1
winograd,1,0,1
winningless,1,0,1
rejuvenation,1,0,1
rek,1,0,1
winkler,1,0,1
wingefors,1,0,1
relationshipsdescribe,1,0,1
winge,1,0,1
relay,1,0,1
released,1,0,1
releasedi,1,0,1
winehouse,1,0,1
releases20230721,1,0,1
releasing,1,0,1
relentless,1,0,1
windshield,1,0,1
windowless,1,0,1
willless,1,0,1
remodel,1,0,1
willie,1,0,1
removed15,1,0,1
wilderer,1,0,1
repertoir,1,0,1
repetitions,1,0,1
repinsai,1,0,1
replacability,1,0,1
wigy,1,0,1
wiggle,1,0,1
wigger,1,0,1
replication,1,0,1
wifi,1,0,1
reportaround,1,0,1
reportboard,1,0,1
reportedly,1,0,1
wiesn,1,0,1
reportsseveral,1,0,1
reposition,1,0,1
wiesengrund,1,0,1
represents,1,0,1
wieselwort,1,0,1
reproducing,1,0,1
wiesbadener,1,0,1
reptiloid,1,0,1
republica,1,0,1
repeated2,1,0,1
repeatabilityworrie,1,0,1
wilderness,1,0,1
renovator,1,0,1
willens,1,0,1
remover,1,0,1
remscheid,1,0,1
willberg,1,0,1
renaissancemaler,1,0,1
willadjuste,1,0,1
renesas,1,0,1
renitating,1,0,1
renitenz,1,0,1
renly,1,0,1
renown,0,1,1
repealing,1,0,1
renske,1,0,1
wiley,1,0,1
wildwest,1,0,1
rentable,1,0,1
wildlife,1,0,1
wilding,1,0,1
rents,1,0,1
reopen,1,0,1
reorder,1,0,1
repeal,1,0,1
samira,1,0,1
sammobile,1,0,1
samuele,1,0,1
shoveled,1,0,1
showgptco,1,0,1
shown,1,0,1
shownread,1,0,1
showplatform,1,0,1
showranscript1,1,0,1
showrunner,1,0,1
shows,1,0,1
showsfor,1,0,1
shrdlu,1,0,1
shrill,1,0,1
void,1,0,1
shrinaing,1,0,1
voictapp,1,0,1
shrub,1,0,1
shrunk,1,0,1
shs,1,0,1
shuffle,1,0,1
voicepappcom,1,0,1
shulman,1,0,1
voiceover,1,0,1
shutterstock,1,0,1
voicener,1,0,1
shygirl,1,0,1
volart,1,0,1
shoulders,1,0,1
sial,1,0,1
shothtml,1,0,1
ships,1,0,1
volland,1,0,1
volksport,1,0,1
shirin,1,0,1
shitstorm,1,0,1
volkshaus,1,0,1
volkscachungungsanstalt,1,0,1
volksbhnen,1,0,1
shoei,1,0,1
shoemaker,1,0,1
shoggy,1,0,1
shogun,1,0,1
volkmann,1,0,1
shopify,1,0,1
shoplet,0,1,1
volk,1,0,1
shopper,1,0,1
shoreline,1,0,1
voldemort,1,0,1
volcanic,1,0,1
shortness,1,0,1
shortnessmixe,1,0,1
shoshane,1,0,1
sia,1,0,1
siamak,1,0,1
shipbuilding,1,0,1
siegfried,1,0,1
sierra,1,0,1
voco,1,0,1
vocation,1,0,1
sieze,1,0,1
vocals,1,0,1
vocaloid,1,0,1
sightedness,1,0,1
sights,1,0,1
sigl,1,0,1
sigmar,1,0,1
vmzgv4th5qt3syxorqieoiuhtml,1,0,1
vlt,1,0,1
vlptrmrzrgozhyq2fgijvsdguhtml,1,0,1
vliz,1,0,1
signaturesa,1,0,1
vlbs,1,0,1
signavio,1,0,1
signe,1,0,1
significance,1,0,1
vladan,1,0,1
sik,1,0,1
sikes,1,0,1
silberschatz,1,0,1
siemensstadt,1,0,1
siegener,1,0,1
sibe,1,0,1
siegen,1,0,1
sibel,1,0,1
sibeldesigned,1,0,1
sibelius,1,0,1
siberia,1,0,1
sible,1,0,1
vogt,1,0,1
sic,1,0,1
sicher,1,0,1
sichereerealal,1,0,1
sicherheit,1,0,1
vogele,1,0,1
sickness,1,0,1
sicle,1,0,1
vocor,1,0,1
sideaick,1,0,1
sidecar,1,0,1
sidedness,1,0,1
sideof,1,0,1
sideonce,1,0,1
sidesthe,1,0,1
sideways,1,0,1
siebenhaar,1,0,1
sieg,1,0,1
shipping,1,0,1
shipbreaaing,1,0,1
seriouslycan,1,0,1
vox,1,0,1
sexchat,1,0,1
sexdo,1,0,1
sexicon,1,0,1
vow,1,0,1
seyfarth,1,0,1
seymore,1,0,1
sf,1,0,1
sga,1,0,1
sgs,1,0,1
sh,1,0,1
sh6776f1503d6d,1,0,1
vote75,1,0,1
shaair,1,0,1
shabby,1,0,1
shabi,0,1,1
shaded,1,0,1
vosper,1,0,1
vortraege,1,0,1
vortrae,1,0,1
shadowy,1,0,1
shady,1,0,1
vorst,1,0,1
shahareddoc,1,0,1
sexbot,1,0,1
sewer,1,0,1
vormarsch,1,0,1
sewastopol,1,0,1
vrbtsprintal,1,0,1
vram,1,0,1
serves,1,0,1
serviced,1,0,1
services25,1,0,1
servil,1,0,1
servo,1,0,1
sesame,1,0,1
sesamestrasse,1,0,1
vqgan,1,0,1
vqatzzlx6vjntd322m6oihtml,1,0,1
set4,1,0,1
setlurs,1,0,1
setter,1,0,1
vpnthe,1,0,1
settler,1,0,1
setup,1,0,1
setwa,1,0,1
setzfandt,1,0,1
vpn,1,0,1
seventieth,1,0,1
voyles,1,0,1
sewage,1,0,1
shahroudy,1,0,1
shainer,1,0,1
shintoism,1,0,1
volte,1,0,1
shaving,1,0,1
shawn,1,0,1
shazam,1,0,1
shea,1,0,1
voltbate,1,0,1
volt,1,0,1
sheikh,1,0,1
shein,1,0,1
sheldon,1,0,1
shelley,1,0,1
shenzhen,1,0,1
shepard,1,0,1
shepherd,1,0,1
sheridan,1,0,1
shevek,1,0,1
shiaibu,1,0,1
shield,1,0,1
volontar,1,0,1
shikma,1,0,1
shindagha,1,0,1
volleyball,1,0,1
volley,1,0,1
vollandsees,1,0,1
shave,1,0,1
sharper,0,1,1
vopdlpnfg6gax9i6ugo,1,0,1
sharoun,1,0,1
shakespearic,1,0,1
shalinging,1,0,1
shall,1,0,1
shalling,1,0,1
shameful,1,0,1
shameless,1,0,1
volunteering,1,0,1
shamelessly,1,0,1
shamewets,1,0,1
shaming,1,0,1
shanahan,1,0,1
shanbhag,1,0,1
shane,1,0,1
shannon,1,0,1
voluminous,1,0,1
shaped,1,0,1
volumetric,1,0,1
shareaction,1,0,1
sharedthe,1,0,1
sharedwith,1,0,1
shares,1,0,1
sharjah,1,0,1
sharman,1,0,1
silbrig,1,0,1
vl,1,0,1
siliconix,1,0,1
viewerat,1,0,1
sneaky,1,0,1
sneer,1,0,1
viewe,1,0,1
sneered,1,0,1
sneha,1,0,1
sniadanko,1,0,1
sniffed,1,0,1
sniffer,1,0,1
snipes,1,0,1
vieth,1,0,1
vier,1,0,1
snoming,1,0,1
viennesenini,1,0,1
snorefox,1,0,1
snorkel,1,0,1
snot,1,0,1
snowden,1,0,1
videoueberwachbung,1,0,1
snowman,1,0,1
videomanipulation,1,0,1
snowmobile,1,0,1
snowy,1,0,1
videomacher,1,0,1
snden,1,0,1
viewhigh,1,0,1
soar,1,0,1
snappy,1,0,1
smic,1,0,1
villadsen,1,0,1
vilalba,1,0,1
smirnoff,1,0,1
smita,1,0,1
viktualienmarkt,1,0,1
viktorian,1,0,1
smithe,1,0,1
smiths,1,0,1
smoker,1,0,1
smooch,1,0,1
smoothie,1,0,1
smoothness,1,0,1
vigor,1,0,1
smuggling,1,0,1
vigilante,1,0,1
smurf,1,0,1
vigilance,1,0,1
viewsto,1,0,1
snakealso,1,0,1
viewresponsible,1,0,1
snapchats,1,0,1
snapdragon,1,0,1
videoher,1,0,1
soas,1,0,1
silke13,1,0,1
sofrom,1,0,1
software33,1,0,1
softwarecommunicate,1,0,1
softwarelearn,1,0,1
sohns,1,0,1
vicarious,1,0,1
vicari,1,0,1
solaris,1,0,1
solaro,1,0,1
solarwind,1,0,1
solder,1,0,1
soldering,1,0,1
vibrant,1,0,1
viasto,1,0,1
soler,1,0,1
soli,1,0,1
viable,1,0,1
solidarie,1,0,1
solidify,1,0,1
solingen,1,0,1
sollfrank,1,0,1
solosel,1,0,1
solow,1,0,1
solubility,1,0,1
softbank,1,0,1
sofias,1,0,1
vidayou,1,0,1
soffwale,1,0,1
sobffer,1,0,1
sobs,1,0,1
soc,1,0,1
vid,1,0,1
sochi,1,0,1
victus,1,0,1
socialization,1,0,1
socialize,1,0,1
socialized,1,0,1
socialnetwork,1,0,1
societie,1,0,1
victorian,1,0,1
victoria,1,0,1
society20230601sto93804,1,0,1
society27,1,0,1
sociological,1,0,1
victims,1,0,1
socraticorg,1,0,1
soderbergh,1,0,1
sodium,1,0,1
soekadar,1,0,1
sofas,1,0,1
sofaware,1,0,1
smes,1,0,1
smechowsai,1,0,1
villeroy,1,0,1
sinks,1,0,1
sinofuturism,1,0,1
sinzheimer,1,0,1
sion,1,0,1
sippel,1,0,1
siris,1,0,1
vista,1,0,1
visions,1,0,1
siteccident,1,0,1
sitesand,1,0,1
siteslexkonrad202302nflection,1,0,1
sitter,1,0,1
sitting,1,0,1
sittingjamshid,1,0,1
sivakumar,1,0,1
vishal,1,0,1
sizecreate,1,0,1
viscosity,1,0,1
sk,1,0,1
viruse,1,0,1
skepticismso,1,0,1
skeptics,1,0,1
sklenar,1,0,1
skripal,1,0,1
sinksvalue,1,0,1
singularization,1,0,1
smcthe,1,0,1
vitalism,1,0,1
silke43,1,0,1
sill,1,0,1
vjan,1,0,1
silva,1,0,1
similaritie,1,0,1
vivre,1,0,1
simisimi,1,0,1
simplymail,1,0,1
simpsons,1,0,1
simsalabim,1,0,1
simulability,1,0,1
viva,1,0,1
simulates,1,0,1
simulating,1,0,1
vitus,1,0,1
simz,1,0,1
sinai,1,0,1
sinaing,1,0,1
sincenow,1,0,1
vitro,1,0,1
sincescience,1,0,1
sincesome,1,0,1
sine,1,0,1
skydds6k3beexghhr7fov3grqhtml,1,0,1
skynetback,1,0,1
sl,1,0,1
slabke,1,0,1
slk54mwbqfouwpcenly6cu2cy,1,0,1
sloppiness,1,0,1
slowing,1,0,1
violating,1,0,1
viola,1,0,1
vinzent,1,0,1
smakman,1,0,1
vinted,1,0,1
sman,1,0,1
vinod,1,0,1
smarte,1,0,1
smartes,1,0,1
smartest,1,0,1
smartify,1,0,1
smartlaw,1,0,1
smartness,1,0,1
vineyard,1,0,1
smartphones,0,1,1
vine,1,0,1
smartthings,1,0,1
smartwatches,1,0,1
smcat,1,0,1
smcstill,1,0,1
slit,1,0,1
slipstream,1,0,1
slippery,1,0,1
sledge,1,0,1
slashnext,1,0,1
slater,1,0,1
slaughterhouse,1,0,1
slaughterway,1,0,1
virolog,1,0,1
slaut,1,0,1
slavere,1,0,1
viringa,1,0,1
slavic,1,0,1
slavs,1,0,1
virile,1,0,1
slimy,1,0,1
sledhammer,1,0,1
sleeping,1,0,1
virgin,1,0,1
sleeves,1,0,1
sleezing,1,0,1
slick,1,0,1
virally,1,0,1
virality,1,0,1
violist,1,0,1
violinist,1,0,1
serotonin,1,0,1
vricourt,1,0,1
sance,1,0,1
schilling,1,0,1
schira,1,0,1
schismrix,1,0,1
schlager,0,1,1
schlamps,1,0,1
warfish,1,0,1
schle,1,0,1
schleckers,1,0,1
schlervz,1,0,1
schlink,1,0,1
schllt,1,0,1
schloss,1,0,1
schlossplatz,1,0,1
schlter,1,0,1
schmallippig,1,0,1
schmalzried,1,0,1
schmann,1,0,1
schmarrn,1,0,1
warden,1,0,1
schmchen,1,0,1
schmieden,1,0,1
schmit,1,0,1
schmon,1,0,1
schmound,1,0,1
schindluder,1,0,1
warin,1,0,1
schnapps,1,0,1
schiebur,1,0,1
schauber,1,0,1
warnische,1,0,1
schauen,1,0,1
schaufl,1,0,1
warninghtml,1,0,1
warnedto,1,0,1
schavan,1,0,1
sche,1,0,1
scheduling,1,0,1
scheerhafen,1,0,1
scheich,1,0,1
scheiwelan,1,0,1
schellenberg,1,0,1
schelm,1,0,1
warmer,1,0,1
scheng,1,0,1
schengen,1,0,1
scherbaum,0,1,1
schertz,1,0,1
schetl,1,0,1
schi,1,0,1
schiappa,1,0,1
warish,1,0,1
schmuserei,1,0,1
schnbohm,1,0,1
schaub,1,0,1
schotten,1,0,1
wanyu,1,0,1
schraven,1,0,1
schrift,1,0,1
schroeder,1,0,1
schrumpf,1,0,1
schtte,1,0,1
schtzing,1,0,1
schuetzer,1,0,1
schuhmann,1,0,1
schule,1,0,1
schulehessende,1,0,1
schuler,1,0,1
schult,1,0,1
schulten,1,0,1
schultz,1,0,1
wank,1,0,1
schulzai,1,0,1
schuman,1,0,1
schummelei,1,0,1
wanger,1,0,1
schummelhilfe,0,1,1
schunk,1,0,1
schuschel,1,0,1
schrapnell,1,0,1
wapo,1,0,1
schneberg,1,0,1
schopenhauers,1,0,1
schnell,1,0,1
warcraft,1,0,1
schnert,1,0,1
schnipsel,1,0,1
schnitzersentence,1,0,1
schock,1,0,1
schoenegge,1,0,1
schoepp,1,0,1
warchen,1,0,1
scholarly,1,0,1
scholastic,1,0,1
schommers,1,0,1
warburg,1,0,1
schooland,1,0,1
warbecome,1,0,1
warand,1,0,1
schooli,1,0,1
schoolmate,1,0,1
schoolno,1,0,1
schools13,1,0,1
schoolsout,1,0,1
schoolworaing,1,0,1
schoolyard,1,0,1
warnt,1,0,1
warnthis,1,0,1
vrkunstdkbde,1,0,1
sapwhat,1,0,1
watcher,1,0,1
sarais,1,0,1
sarcastically,1,0,1
sarcophagus,1,0,1
sarita,1,0,1
sarrazin,1,0,1
sars,1,0,1
sartre,1,0,1
sarya,1,0,1
watchdog,1,0,1
watanabe,1,0,1
sassbook,1,0,1
satan,1,0,1
satchel,1,0,1
satellitesuccessfully,1,0,1
satirist,1,0,1
satirize,1,0,1
wat,1,0,1
wastewater,1,0,1
satja,1,0,1
sato,1,0,1
sattelberger,1,0,1
saturation,1,0,1
watchers,1,0,1
sapsap,1,0,1
saturdaycome,1,0,1
sapochnik,1,0,1
watchtower,1,0,1
sanctuary,1,0,1
watchmeforever,1,0,1
sandal,1,0,1
sandbox,1,0,1
sandboxe,1,0,1
sandman,1,0,1
sandmann,1,0,1
sandmnnchen,1,0,1
sandroidin,1,0,1
sandstone,1,0,1
sandy,1,0,1
sankt,1,0,1
sanssouci,1,0,1
watchlist,1,0,1
santos,1,0,1
saot,1,0,1
watching,1,0,1
sapaccorde,1,0,1
sapat,1,0,1
sapient,1,0,1
watches,1,0,1
sapkowsai,1,0,1
waster,1,0,1
sau,1,0,1
schaible,1,0,1
wascould,1,0,1
warung,1,0,1
scam,1,0,1
scammer,1,0,1
warto,1,0,1
scandium,1,0,1
scanned,1,0,1
warten,1,0,1
scannings,1,0,1
scanpix,1,0,1
scape,1,0,1
scarf,1,0,1
scarlattis,1,0,1
warte,1,0,1
scarlett,1,0,1
scattering,1,0,1
warriors,1,0,1
scenesdigital,1,0,1
scenographer,1,0,1
scent,1,0,1
scepter,1,0,1
schade,1,0,1
schaerer,1,0,1
schahed,1,0,1
scaffold,1,0,1
scabt,1,0,1
sauerbier,1,0,1
sbritische,1,0,1
sauerland,1,0,1
sauerstig,1,0,1
saunah,1,0,1
saunders,1,0,1
saure,1,0,1
wastaken,1,0,1
saveymeal,1,0,1
wasmother,1,0,1
wasjetzeit,1,0,1
savingsa,1,0,1
savory,1,0,1
savoyic,1,0,1
sawsan,1,0,1
washingtonus,1,0,1
washcloth,1,0,1
saynot,1,0,1
saysa,1,0,1
saysinga,1,0,1
saysmatthe,1,0,1
saysyou,1,0,1
sbb,1,0,1
sbener,1,0,1
sbf,1,0,1
schuster,1,0,1
schwabe,1,0,1
schwabhauser,1,0,1
selectively,1,0,1
selene,1,0,1
waffezenungen,1,0,1
waffen,1,0,1
selfcare,1,0,1
selfitis,1,0,1
waffe,1,0,1
waechst,1,0,1
sellications,1,0,1
wachter,1,0,1
sellshis,1,0,1
wachowsai,1,0,1
semantically,1,0,1
wache,1,0,1
semicolon,1,0,1
wach,1,0,1
semischenko,1,0,1
sen,1,0,1
senatore,1,0,1
senden,1,0,1
waalkes,1,0,1
sending,1,0,1
sendling,1,0,1
waaing,1,0,1
selena,1,0,1
wagnis,1,0,1
sengineering,1,0,1
selections,1,0,1
segience,1,0,1
waiving,1,0,1
segregated,1,0,1
segupta,1,0,1
sei8twvpua0,1,0,1
seidel,1,0,1
waitrose,1,0,1
seigen,1,0,1
seiji,1,0,1
seine,1,0,1
seiser,1,0,1
seismograph,1,0,1
waist,1,0,1
waidner,1,0,1
seitenhieb,1,0,1
sek,1,0,1
selbst,1,0,1
wahr,1,0,1
wahn,1,0,1
wahlkampf,1,0,1
selby,1,0,1
selectedcamera,1,0,1
wahid,1,0,1
senegalese,1,0,1
w194,1,0,1
schwaig,1,0,1
seo,1,0,1
vulkan,1,0,1
vulgarization,1,0,1
seppo,1,0,1
sepsis,1,0,1
septemberin,1,0,1
vulgar,1,0,1
sequencesto,1,0,1
sequencing,1,0,1
sequoia,1,0,1
ser,1,0,1
serajs,1,0,1
seraphine,1,0,1
serb,1,0,1
vu5otg42ifboho4lck2u7az7ryhtml,1,0,1
serbia,1,0,1
serena,1,0,1
vtuber,1,0,1
vtmf6xeiaay,1,0,1
serguei,1,0,1
sergy,1,0,1
vrthe,1,0,1
series45,1,0,1
serioesen,1,0,1
15-Sep,1,0,1
sentquestionable,1,0,1
senn,1,0,1
sentimentality,1,0,1
sennett,1,0,1
vz,1,0,1
vxeven,1,0,1
sensationalized,1,0,1
sensationsfund,1,0,1
senschat,1,0,1
vx,1,0,1
sensensame,1,0,1
vwizz6ywcbh3pho3xmmlnuhtml,1,0,1
vwizz6ywcbh3pho3nj3xmmlnuhtml,1,0,1
vwherbert,1,0,1
sensors,1,0,1
senssetime,1,0,1
senst,1,0,1
senstadt,1,0,1
vwat,1,0,1
sent,1,0,1
sentecing,1,0,1
vuwufrbrifaarjpterqmkth3wqhtml,1,0,1
vus,1,0,1
sentencesgive,1,0,1
sentiment,1,0,1
sentimental,1,0,1
seems,1,0,1
seeler,1,0,1
seeing,1,0,1
scimago,1,0,1
scoliosis,1,0,1
wandelbot,1,0,1
scor,1,0,1
scorseses,1,0,1
scot,1,0,1
scotia,1,0,1
scots,1,0,1
scourge,1,0,1
scpmsmsmsmsmsmsmsmsmsmsmsmcnayyjmugmcphiihtml,1,0,1
scraping,1,0,1
scratchmay,1,0,1
scratchy,1,0,1
screams,1,0,1
waltz,1,0,1
waltraut,1,0,1
screens,1,0,1
waltham,1,0,1
screwdriver,1,0,1
screws,1,0,1
scribcom,1,0,1
scribe,1,0,1
scrolled,1,0,1
scrollt,1,0,1
sclerosis,1,0,1
scifi,1,0,1
seehofer,1,0,1
scif,1,0,1
schwarze,1,0,1
schwarzer,1,0,1
schwarzseher,1,0,1
schwarzwlder,1,0,1
schwbisch,1,0,1
schwbischggpt,1,0,1
schweinbacke,1,0,1
wandwarum,1,0,1
schwendemann,1,0,1
schwenken,1,0,1
schweppenhuser,1,0,1
schwimmbaeder,1,0,1
schwob,1,0,1
schwoba,1,0,1
schwtza,1,0,1
schwyz,1,0,1
schwyzerdtschen,1,0,1
science57,1,0,1
scienceadh2713,1,0,1
scienceadh4260,1,0,1
sciencerticlebs,1,0,1
wandjo,1,0,1
wandidish,1,0,1
scrub,1,0,1
scrubbing,1,0,1
scrupt,1,0,1
walt,1,0,1
walerij,1,0,1
secondsat,1,0,1
waler,1,0,1
secretionswould,1,0,1
sect,1,0,1
waldschlssls,1,0,1
waldo,1,0,1
sectorour,1,0,1
sectortraine,1,0,1
secularism,1,0,1
secularity,1,0,1
waldimir,1,0,1
securely,1,0,1
securewinredcom,1,0,1
secureworks,1,0,1
securitas,1,0,1
waldenserstrasse,1,0,1
waldbrand,1,0,1
seduced,1,0,1
wald,1,0,1
seductive,1,0,1
seductively,1,0,1
seeds,1,0,1
secondarily,1,0,1
sechs,1,0,1
seca,1,0,1
seaport,1,0,1
sculptural,1,0,1
scurry,1,0,1
scurvy,1,0,1
walnut,1,0,1
sddeutscher,1,0,1
sdekum,1,0,1
walmart,1,0,1
sdg,1,0,1
sdpfalz,1,0,1
walls,1,0,1
wallensteen,1,0,1
sec,1,0,1
searching,1,0,1
sease,1,0,1
walldorf,1,0,1
seasoned,1,0,1
seasonthe,1,0,1
wallace,1,0,1
seated,1,0,1
seater,1,0,1
seawater,1,0,1
sebiger,1,0,1
percenthtml,1,0,1
itload,1,0,1
percenta,1,0,1
civey41,1,0,1
citydubai,1,0,1
citycube,1,0,1
citriconut,1,0,1
citoyennet,1,0,1
citizenship,1,0,1
citiesand,1,0,1
cited,1,0,1
cit,1,0,1
cispa,1,0,1
cisos,1,0,1
cisa,1,0,1
circumvent,1,0,1
circumstancesaccording,1,0,1
circumnavigate,1,0,1
circumcise,1,0,1
ciupek,1,0,1
civic,1,0,1
claudeai,1,0,1
civilized,1,0,1
classifi,1,0,1
clasp,1,0,1
clarkes,1,0,1
clarke,1,0,1
clarifiesalso,1,0,1
clarifie,1,0,1
clapper,1,0,1
clanuwats,1,0,1
clammy,1,0,1
clairvoyant,1,0,1
claimas,1,0,1
clack,1,0,1
cl,1,0,1
cknop,1,0,1
cjeu,1,0,1
circuits,1,0,1
circling,1,0,1
cinoxto,1,0,1
cinnamon,1,0,1
chronicle,1,0,1
chronicl,1,0,1
chromosome,1,0,1
chromatography,1,0,1
chromatographer,1,0,1
christophersen,1,0,1
christophe,1,0,1
christopersen,1,0,1
christofer,1,0,1
christchurch,1,0,1
chriftschiffe,1,0,1
chp,1,0,1
choudhury,1,0,1
chorne,1,0,1
choreography,1,0,1
chronicler,1,0,1
chronologically,1,0,1
chubby,1,0,1
cigar,1,0,1
cing,1,0,1
cindy,1,0,1
cinderella,1,0,1
cimon,1,0,1
cii,1,0,1
cihic,1,0,1
ciesek,1,0,1
chug,1,0,1
cicero,1,0,1
chx4hhnagjgaxek4csujgsup4html,1,0,1
chuzppe,1,0,1
chutkan,1,0,1
churchill,1,0,1
chumak,1,0,1
classifiers,1,0,1
claudius,1,0,1
choral,1,0,1
coating,1,0,1
coarsersas,1,0,1
coarsere,1,0,1
coarser,1,0,1
coalogy,1,0,1
coalize,1,0,1
coaches,1,0,1
coached,1,0,1
cnetthere,1,0,1
cneton,1,0,1
cnbcin,1,0,1
clyde,1,0,1
clutping,1,0,1
clunker,1,0,1
clumsiness,1,0,1
clump,1,0,1
coastline,1,0,1
coats,1,0,1
claus2go,1,0,1
coatue,1,0,1
cohere,1,0,1
cognitivesaill,1,0,1
coding,1,0,1
cod,1,0,1
cocus,1,0,1
coconut,1,0,1
cocktailswrote,1,0,1
cockroach,1,0,1
cockpit,1,0,1
cock,1,0,1
coby,1,0,1
cobut,1,0,1
cobots,1,0,1
cobot,1,0,1
coautor,1,0,1
clubs,1,0,1
clubhouse,1,0,1
clout,1,0,1
cloudhq,1,0,1
cling,1,0,1
clinch,1,0,1
climax,1,0,1
cliff,1,0,1
clientund,1,0,1
clicked,1,0,1
clickbait,1,0,1
clevermemo,1,0,1
clench,1,0,1
clements,1,0,1
clemente,1,0,1
cleanetech,1,0,1
cle,1,0,1
clawsso,1,0,1
claustrophobic,1,0,1
clinton,1,0,1
clipart,1,0,1
clipsultimately,1,0,1
closenesscreate,1,0,1
cloudhardware,1,0,1
cloudburst,1,0,1
cloud3,1,0,1
closure3,1,0,1
closeup,1,0,1
closet,1,0,1
clooned,1,0,1
clment,1,0,1
clonish,1,0,1
clonen,1,0,1
cloned,1,0,1
clogged,1,0,1
clockclock,1,0,1
cloak,1,0,1
chorbububen,1,0,1
choiceto,1,0,1
centurywas,1,0,1
characteristics,1,0,1
chaplin,1,0,1
chapeau,1,0,1
chaote,1,0,1
chaostage,0,1,1
chanterelle,1,0,1
chanson,1,0,1
changesthe,1,0,1
changeseem,1,0,1
changesai,1,0,1
changeorg,1,0,1
changedthe,1,0,1
chang,1,0,1
chandrasekhar,1,0,1
chancellorship,1,0,1
championshipand,1,0,1
char,1,0,1
characters,1,0,1
chatbotait,1,0,1
characterscontinue,1,0,1
chatalgorithm,1,0,1
chata,1,0,1
chaste,1,0,1
chasdei,1,0,1
chas,1,0,1
chartres,1,0,1
charta,1,0,1
charmaine,1,0,1
charlottenburg,1,0,1
charli,1,0,1
charismatic,1,0,1
chargingillery,1,0,1
charging,1,0,1
charger,1,0,1
characterstalk,1,0,1
chameleon,1,0,1
chamberlain,1,0,1
chamartn,1,0,1
challet,1,0,1
cerntoday,1,0,1
cernlot,1,0,1
ceremoniously,1,0,1
cerebrum,1,0,1
ceramicless,1,0,1
ceramic,1,0,1
ceowith,1,0,1
ceowhen,1,0,1
ceowe,1,0,1
ceounder,1,0,1
ceothere,1,0,1
ceos,1,0,1
ceopatrick,1,0,1
ceoin,1,0,1
ceoand,1,0,1
cerone,1,0,1
certai,1,0,1
certificatefor,1,0,1
chafdha,1,0,1
chalk,1,0,1
chalean,1,0,1
chairdreier,1,0,1
chainstart,1,0,1
chains,1,0,1
chaim,1,0,1
chabon,1,0,1
cet,1,0,1
chaappe,1,0,1
chaaiath,1,0,1
cha,1,0,1
ch0038863350,1,0,1
ch,1,0,1
ceticition,1,0,1
chatar,1,0,1
chatbotsto,1,0,1
choi,1,0,1
chiller,1,0,1
childrenspeak,1,0,1
childrenhad,1,0,1
childrenfunny,1,0,1
childhoodlucrative,1,0,1
childbeare,1,0,1
chieng,1,0,1
chieftain,1,0,1
chiefs,1,0,1
chiefains,1,0,1
chi,1,0,1
chf,1,0,1
chewy,1,0,1
chews,1,0,1
chevalier,1,0,1
chestnut,1,0,1
childto,1,0,1
chimeras,1,0,1
chaten,0,1,1
china78,1,0,1
chocound,1,0,1
chitor,1,0,1
chirantan,1,0,1
chipport,1,0,1
chipmake,1,0,1
chipkonzern,1,0,1
chipfarant,1,0,1
chipfabriken,1,0,1
chipdephchip,1,0,1
chipde,1,0,1
chinesische,1,0,1
chinesehis,1,0,1
chinesefunded,1,0,1
chinchilla,1,0,1
chinas,1,0,1
chestim,1,0,1
chessicon,1,0,1
chessboard,1,0,1
chesky,1,0,1
chatplattform,1,0,1
chatp,1,0,1
chatop,1,0,1
chatobot,1,0,1
chatnot,1,0,1
chatint,1,0,1
chati,1,0,1
chatgthtml,1,0,1
chatgptcreate,1,0,1
chatgptalso,1,0,1
chatgpt80,1,0,1
chatgp,1,0,1
chatggt,1,0,1
chatgbt,0,1,1
chatext,1,0,1
chatpt,1,0,1
chatsystem,1,0,1
chatuse,1,0,1
cheesy,1,0,1
chernomyrdinka,1,0,1
chernobyl,1,0,1
cherish,1,0,1
cher,1,0,1
chemo,1,0,1
chemist,1,0,1
cheeaily,1,0,1
chatzfer,1,0,1
checkpointtagesspiegelde,1,0,1
checklist,1,0,1
check24we,1,0,1
chebli,1,0,1
cheationation,1,0,1
chatzine,1,0,1
coinbase,1,0,1
coincidencethe,1,0,1
coincidental,1,0,1
controllability,1,0,1
contrastsan,1,0,1
contrainting,1,0,1
contradictic,1,0,1
contractually,1,0,1
contingency,1,0,1
contiguous,1,0,1
contextualization,1,0,1
contextual,1,0,1
contextseveral,1,0,1
contextlet,1,0,1
contextless,1,0,1
contestable,1,0,1
contentspringercomesmrt,1,0,1
contender,1,0,1
contemptuously,1,0,1
contributor,1,0,1
controlledcar,1,0,1
cooaielevel,1,0,1
controllerto,1,0,1
convulsive,1,0,1
convincedcan,1,0,1
convinced48,1,0,1
converter,1,0,1
converted,1,0,1
conversationwith,1,0,1
conversationemphasize,1,0,1
conversational,1,0,1
converence,1,0,1
conventionally,1,0,1
controversially,1,0,1
controlwant,1,0,1
controlook,1,0,1
controlling,1,0,1
controllieren,1,0,1
contemptuous,1,0,1
contemplative,1,0,1
containsthe,1,0,1
contagious,1,0,1
consecrated,1,0,1
consecrable,1,0,1
conscript,1,0,1
consciousnessand,1,0,1
conscientiously,1,0,1
conscientious,1,0,1
conscientate,1,0,1
conquering,1,0,1
conquered,1,0,1
conover,1,0,1
conny,1,0,1
connotation,1,0,1
connie,1,0,1
connerin,1,0,1
connective,1,0,1
consentin,1,0,1
consentof,1,0,1
consequential,1,0,1
constrict,1,0,1
consumerscould,1,0,1
consumers,1,0,1
consultantthe,1,0,1
consultantsprefer,1,0,1
consultants,1,0,1
constructable,1,0,1
constitutionally,1,0,1
conservatism,1,0,1
conspiratorial,1,0,1
consortial,1,0,1
consolidated,1,0,1
consolidate,1,0,1
consolesin,1,0,1
considerations22,1,0,1
coo,1,0,1
coolant,1,0,1
coinfund,1,0,1
cosmopolitanism,1,0,1
cosme,1,0,1
cortisol,1,0,1
cortina,1,0,1
corsetts,1,0,1
corsa,1,0,1
corrupt,1,0,1
corrosion,1,0,1
corrode,1,0,1
corresponden,1,0,1
correspondalway,1,0,1
correctionsto,1,0,1
correctionin,1,0,1
correctional,1,0,1
correcting,1,0,1
corrected,1,0,1
cosmological,1,0,1
coster,1,0,1
cooler,1,0,1
costion,1,0,1
counterfactic,1,0,1
counterculture,1,0,1
counterchatgpt,1,0,1
counterattack,1,0,1
councilor,1,0,1
couldwarne,1,0,1
couldthen,1,0,1
couldnt,1,0,1
couldindigenous,1,0,1
cotton,1,0,1
cotta,1,0,1
cothe,1,0,1
costumrave,1,0,1
costumes,1,0,1
costs22,1,0,1
corpwas,1,0,1
corpust,1,0,1
corporates,1,0,1
corpis,1,0,1
coppolas,1,0,1
copist,1,0,1
copetri,1,0,1
copernicus,1,0,1
copa,1,0,1
cop,1,0,1
coors,1,0,1
coordinatorand,1,0,1
coopers,1,0,1
cooperationwith,1,0,1
cooperationenable,1,0,1
cooperationbought,1,0,1
coolness,1,0,1
coolio,1,0,1
coolest,1,0,1
copye,1,0,1
copyleft,1,0,1
copyrighttriggere,1,0,1
cornea,1,0,1
corpheard,1,0,1
coros,1,0,1
coronary,1,0,1
coronalization,1,0,1
coron,1,0,1
cornucopia,1,0,1
corkhill,1,0,1
corbiota,1,0,1
cork,1,0,1
corinth,1,0,1
corey,1,0,1
corera,1,0,1
cordone,1,0,1
corden,1,0,1
conjured,1,0,1
conjunction,1,0,1
conjecture,1,0,1
comores,1,0,1
commuting,1,0,1
communities,1,0,1
communists,1,0,1
communiqu,1,0,1
communicator,1,0,1
commons,1,0,1
commonplace,1,0,1
commonexactly,1,0,1
commodore,1,0,1
committees,1,0,1
commissionerthierry,1,0,1
commissionand,1,0,1
commert,1,0,1
commas,1,0,1
commandante,1,0,1
como,1,0,1
compacting,1,0,1
congstar,1,0,1
companies2,1,0,1
compared,1,0,1
comparechatgpt,1,0,1
comparableformat,1,0,1
companywithout,1,0,1
companyum,1,0,1
companystability,1,0,1
companyremain,1,0,1
companycurrently,1,0,1
companybut,1,0,1
companions,1,0,1
companiesthat,1,0,1
companiesin,1,0,1
companieshow,1,0,1
companiesbe,1,0,1
companiesand,1,0,1
comirnaty,1,0,1
cominer,1,0,1
comics,0,1,1
comicheft,1,0,1
colombiaif,1,0,1
collu,1,0,1
colloquium,1,0,1
collina,1,0,1
collegiality,1,0,1
colleen,1,0,1
collectedwithout,1,0,1
colleagueshad,1,0,1
colleaguescollected,1,0,1
colleagues,1,0,1
collaborator,1,0,1
cole,1,0,1
coldseu5zxzxzxzxzkutjsaexkmu6yhtml,1,0,1
coldplays,1,0,1
colbertif,1,0,1
colonialism,1,0,1
colonize,1,0,1
colonizer,1,0,1
combating,1,0,1
comforting,1,0,1
comforter,1,0,1
combnot,1,0,1
combines,1,0,1
combinatoric,1,0,1
combative,0,1,1
combatant,1,0,1
colonoscope,1,0,1
comb,1,0,1
columbus,1,0,1
columbo,1,0,1
columbian,1,0,1
colorization,1,0,1
coloradowinning,1,0,1
compas,1,0,1
compassionate,1,0,1
compensationto,1,0,1
concentrade,1,0,1
confederates,1,0,1
coney,1,0,1
condominium,1,0,1
conditio,1,0,1
condemation,1,0,1
condat,1,0,1
concur,1,0,1
conclusionthat,1,0,1
concession,1,0,1
concernon,1,0,1
concerneddo,1,0,1
concerable,1,0,1
conceptualize,1,0,1
concepts,1,0,1
conceptarc,1,0,1
conference100,1,0,1
conferenceon,1,0,1
confetti,1,0,1
congratulatory,1,0,1
congruently,1,0,1
congressto,1,0,1
congresster,1,0,1
congressmen,1,0,1
congressman,1,0,1
congresse,1,0,1
congo,1,0,1
confidencemake,1,0,1
conglomerate,1,0,1
congenially,1,0,1
confusingly,1,0,1
conform,1,0,1
confirmeddeath,1,0,1
confidentially,1,0,1
concentrating,1,0,1
con,1,0,1
compensator,1,0,1
comrticle072023,1,0,1
complie,1,0,1
complications,1,0,1
completing,1,0,1
completelyabbey,1,0,1
completecan,1,0,1
complemented,1,0,1
complacent,1,0,1
compigne,1,0,1
competizione,1,0,1
competitorlas,1,0,1
competitiveemployee,1,0,1
competentlyset,1,0,1
competencies,1,0,1
competencie,1,0,1
competencethe,1,0,1
composing,1,0,1
compostable,1,0,1
compovization,1,0,1
computerized,1,0,1
comrade,1,0,1
computerworld,1,0,1
computervision,1,0,1
computersthat,1,0,1
computers,1,0,1
computermagazin,1,0,1
computerization,1,0,1
compressed,1,0,1
computeristic,1,0,1
computererds,1,0,1
computercode,1,0,1
computercan,1,0,1
computability,1,0,1
comprore,1,0,1
ceoafter,1,0,1
century99,1,0,1
counterfeiter,1,0,1
botconz,1,0,1
bossthe,1,0,1
bossesthe,1,0,1
bossemmett,1,0,1
bossa,1,0,1
bosniathree,1,0,1
borwin,1,0,1
borrowing,1,0,1
bornheim,1,0,1
borne,1,0,1
born,1,0,1
borkar,1,0,1
borji,1,0,1
borges,1,0,1
borcholte,1,0,1
boorstin,1,0,1
bot17,1,0,1
bote,1,0,1
bowie,1,0,1
bothered,1,0,1
bourrellis,1,0,1
bourgeoisie,1,0,1
bour,1,0,1
boundless,1,0,1
bound,1,0,1
bouncer,1,0,1
bounce,1,0,1
boulevard,1,0,1
bouillabaisse,1,0,1
boue,1,0,1
bouches,1,0,1
bottish,1,0,1
botsif,1,0,1
botiticelli,1,0,1
bothimmediately,1,0,1
boole,1,0,1
bookseller,1,0,1
books9781250296115,1,0,1
books3this,1,0,1
bolliger,1,0,1
boldglamor,1,0,1
boldest,1,0,1
bokeh,1,0,1
bohemian,1,0,1
bohei,1,0,1
bohdan,1,0,1
bogus,1,0,1
bogot,1,0,1
bognr,1,0,1
bog,1,0,1
bofain,1,0,1
bofa,1,0,1
boes,1,0,1
boerghain,1,0,1
bolt,1,0,1
bombastic,1,0,1
bomben,1,0,1
booaingcom,1,0,1
books3the,1,0,1
books3it,1,0,1
books2,1,0,1
books1,1,0,1
bookmaker,1,0,1
book2,1,0,1
bony,1,0,1
bombing,1,0,1
bono,1,0,1
bonnie,1,0,1
bonnet,1,0,1
bonmot,1,0,1
bongiorno,1,0,1
bon,1,0,1
bowel,1,0,1
bowman,1,0,1
bockenheimer,1,0,1
bricait,1,0,1
bri,1,0,1
brger,1,0,1
breyer,1,0,1
brewery,1,0,1
brevity,1,0,1
bretting,1,0,1
bressler,1,0,1
brent,1,0,1
brennan,1,0,1
brendemhl,1,0,1
bremse,1,0,1
breman,1,0,1
bredouille,1,0,1
brechtsongs,1,0,1
brechts,1,0,1
bribe,1,0,1
bricklink,1,0,1
boxing,1,0,1
bridgeand,1,0,1
britpop,1,0,1
brito,1,0,1
britin,1,0,1
brite,1,0,1
bringer,1,0,1
bringe,1,0,1
brimborium,1,0,1
brilliantly,1,0,1
brillant,1,0,1
brigl,1,0,1
brigitte,1,0,1
brighten,1,0,1
briggskodnanipdf,1,0,1
bridging,1,0,1
bridgehead,1,0,1
brechtnacht,1,0,1
brecht125,1,0,1
breaths,1,0,1
breakle,1,0,1
brainworm,1,0,1
brainwight,1,0,1
brains,1,0,1
braincompared,1,0,1
brainai,1,0,1
braid,1,0,1
bragg,1,0,1
brachycephalia,1,0,1
brachiality,1,0,1
brachial,1,0,1
bracelet,1,0,1
boyish,1,0,1
boygerman,1,0,1
boycott,1,0,1
boycot,1,0,1
braised,1,0,1
brak,1,0,1
brakemeier,1,0,1
bratton,1,0,1
breakage,1,0,1
brdno,1,0,1
brawl,1,0,1
brause,1,0,1
braunschweigthat,1,0,1
braunberger,1,0,1
brandy,1,0,1
branchche,1,0,1
brandsor,1,0,1
brands,1,0,1
branding,1,0,1
brandenburger,1,0,1
branches,1,0,1
branched,1,0,1
bodenhofer,1,0,1
bock,1,0,1
centurie,1,0,1
bismarck,1,0,1
biscuit,1,0,1
birthplace,1,0,1
birthmark,1,0,1
birmingham,1,0,1
birdwatch,1,0,1
bircken,1,0,1
biowapen,1,0,1
biowape,1,0,1
biowaffe,1,0,1
biotxai,1,0,1
biotope,1,0,1
biotechnolgia,1,0,1
biosciology,1,0,1
biophysicist,1,0,1
biopharmaceutical,1,0,1
bisher,1,0,1
bison,1,0,1
blackboard,1,0,1
bisonappcom,1,0,1
bka,1,0,1
bjrklund,1,0,1
bjcsclpbafaf5lner7wj56eb54html,1,0,1
bjarke,1,0,1
bizerba,1,0,1
bittorrent,1,0,1
bitterness,1,0,1
bitterfeld,1,0,1
bitte,1,0,1
bito,1,0,1
bites,1,0,1
bitdorrent,1,0,1
bitchy,1,0,1
bistrevsky,1,0,1
bissau,1,0,1
biontechs,1,0,1
bionicist,1,0,1
bionic,1,0,1
biomilch,1,0,1
binge,1,0,1
bingcomcreatethe,1,0,1
bingcom,1,0,1
bina,1,0,1
bimmelbahn,1,0,1
bimbam,1,0,1
bim,1,0,1
billionsbe,1,0,1
billionford,1,0,1
billionaires,1,0,1
billingwill,1,0,1
bildungchkraeftemangel,1,0,1
bildgenerator,1,0,1
bilc,1,0,1
bilbao,1,0,1
bingo,1,0,1
bingwa,1,0,1
bioakoustic,1,0,1
biohotel,1,0,1
biometrorge,1,0,1
biometer,1,0,1
biomarker,1,0,1
biologicum,1,0,1
biold,1,0,1
biolabel,1,0,1
biogenic,1,0,1
bioattack,1,0,1
bioexorzoren,1,0,1
bioeconomy,1,0,1
biodegradable,1,0,1
biodate,1,0,1
biobot,1,0,1
biobank,1,0,1
bla,1,0,1
blacken,1,0,1
boch,1,0,1
blurb,1,0,1
blumhouse,1,0,1
blumenthal,1,0,1
bluespots,1,0,1
blu,1,0,1
blouse,1,0,1
blou,1,0,1
blot,1,0,1
blope,1,0,1
blooming,1,0,1
bloomberggpt,1,0,1
bloodshed,1,0,1
bloodhound,1,0,1
bloodbath,1,0,1
blomqvist,1,0,1
blomkvist,1,0,1
blumoser,1,0,1
blurry,1,0,1
blackford,1,0,1
blyth,1,0,1
bocaiger,1,0,1
bobby,1,0,1
bobbit,1,0,1
boba,1,0,1
boast,1,0,1
boas,1,0,1
boa,1,0,1
bnd,1,0,1
bmwthe,1,0,1
bmuv,1,0,1
bmo,1,0,1
bmf,1,0,1
bmel,1,0,1
bmdvitalian,1,0,1
bmdv,1,0,1
blomkamp,1,0,1
blogge,1,0,1
blocker,1,0,1
blockage,1,0,1
blazekovic,1,0,1
blaze,1,0,1
blavatsky,1,0,1
blaumann,1,0,1
blau,1,0,1
blatt,1,0,1
blast,1,0,1
blasphemy,1,0,1
blasphemed,1,0,1
bland,1,0,1
blanche,1,0,1
blaise,1,0,1
blackwell,1,0,1
blacksmith,1,0,1
blackouts,1,0,1
blazeman98,1,0,1
blazer,1,0,1
bleak,1,0,1
bliss,1,0,1
bloch,1,0,1
blocaing,1,0,1
bloc,1,0,1
bloatware,1,0,1
bloat,0,1,1
bll,1,0,1
blindness,1,0,1
blemish,1,0,1
blinders,1,0,1
blindbe,1,0,1
blieskastel,1,0,1
bliedening,1,0,1
bliedene,1,0,1
blessed,1,0,1
brllen,1,0,1
brlv,1,0,1
bro,1,0,1
cardboardroad,1,0,1
carcomplet,1,0,1
carbide,1,0,1
caravan,1,0,1
captivity,1,0,1
caption,1,0,1
capsule,1,0,1
capsthat,1,0,1
cappella,1,0,1
caple,1,0,1
capitations,1,0,1
capitalized,1,0,1
caper,0,1,1
capacitiescould,1,0,1
capability,1,0,1
capabilitiespeople,1,0,1
cardboard,1,0,1
cardie,1,0,1
cart,1,0,1
cardigan,1,0,1
carrobot,1,0,1
carriage,1,0,1
carrera,1,0,1
carr,1,0,1
carpenter,1,0,1
carousel,1,0,1
carmel,1,0,1
carlos,1,0,1
carlabot,1,0,1
carissa,1,0,1
caretrade,1,0,1
careless,1,0,1
carefulness,1,0,1
carefulbecome,1,0,1
cardscout,1,0,1
cantonal,1,0,1
cantar,1,0,1
cant,1,0,1
canonly,1,0,1
canalys,1,0,1
camus,1,0,1
camper,1,0,1
campaigned,1,0,1
campaigncome,1,0,1
cammio,1,0,1
cammer,1,0,1
camille,1,0,1
camilla,1,0,1
cametogether,1,0,1
camerloher,1,0,1
camerashad,1,0,1
camerarecording,1,0,1
cameraran,1,0,1
camembert,1,0,1
canapes,1,0,1
canare,1,0,1
canceledkurian,1,0,1
canif,1,0,1
cannula,1,0,1
cannow,1,0,1
cannon,1,0,1
cannibal,1,0,1
cannede,1,0,1
canjust,1,0,1
canhowever,1,0,1
cancerinstitutes,1,0,1
cane,1,0,1
candlestick,1,0,1
candles,1,0,1
candlelica,1,0,1
candela,1,0,1
cancould,1,0,1
carsactually,1,0,1
carte,1,0,1
brockhaus,1,0,1
cedars,1,0,1
cdueffertz,1,0,1
cdin,1,0,1
cdc,1,0,1
ccwei,1,0,1
ccef,1,0,1
ccche,1,0,1
cb1,1,0,1
cayenne,1,0,1
cavity,1,0,1
cavill,1,0,1
cavazzini,1,0,1
cautiously,1,0,1
caust,1,0,1
causeway,1,0,1
causes,1,0,1
ce,1,0,1
ceip,1,0,1
cas,1,0,1
celebritie,1,0,1
centrum,1,0,1
centrifugal,1,0,1
centric,1,0,1
centralization,1,0,1
centralistic,1,0,1
centersare,1,0,1
centerpiece,1,0,1
centents120vhdc,1,0,1
cenk,1,0,1
cells,1,0,1
celler,1,0,1
celle,1,0,1
celia,1,0,1
celestial,1,0,1
celeno,1,0,1
caused,1,0,1
causation,1,0,1
causally,1,0,1
caume,1,0,1
catalonia,1,0,1
catacomb,1,0,1
casuallystolen,1,0,1
casual,1,0,1
castration,1,0,1
castaneda,1,0,1
cassmae,1,0,1
cassandra,1,0,1
cass,1,0,1
casio,1,0,1
casino,1,0,1
cashflow,1,0,1
cashcow,1,0,1
caseexcite,1,0,1
caseauto,1,0,1
catan,1,0,1
catapulted,1,0,1
catastrophically,1,0,1
cathie,1,0,1
cauliflower,1,0,1
catwalk,1,0,1
cattle,1,0,1
catsit,1,0,1
cation,1,0,1
catholics,1,0,1
cathedral,1,0,1
catcher,1,0,1
caterina,1,0,1
caterer,1,0,1
cater,1,0,1
categorylifi,1,0,1
categorically,1,0,1
catchment,1,0,1
camedeculturenew,1,0,1
cambodia,1,0,1
calstate,1,0,1
buildingmccartney,1,0,1
buggles,1,0,1
buffet,1,0,1
buffalo,1,0,1
buff,1,0,1
buero,1,0,1
buecherjollede,1,0,1
budie,1,0,1
budgetof,1,0,1
budgeting,1,0,1
buddhist,1,0,1
bucket,1,0,1
buck,1,0,1
buchs,1,0,1
buchhandels,1,0,1
bucharest,1,0,1
bugsnax,1,0,1
buildots,1,0,1
callsthat,1,0,1
builtbecame,1,0,1
bum,1,0,1
bullshitbingo,1,0,1
bulllet,1,0,1
bulletin,1,0,1
bullet,1,0,1
bulldozers,1,0,1
bulldozer,1,0,1
bull,1,0,1
bulimiel,1,0,1
bulimic,1,0,1
bulimia,1,0,1
bulge,1,0,1
bulgarin,1,0,1
bulgarian,1,0,1
bulgaria,1,0,1
buccal,1,0,1
bu,1,0,1
bttner,1,0,1
btscher,1,0,1
brssel,1,0,1
brsians,1,0,1
brsenwert,1,0,1
brsenschlung,1,0,1
brsen,0,1,1
brow,1,0,1
brothel,1,0,1
brose,1,0,1
brosame,1,0,1
brosahhan,1,0,1
brook,1,0,1
brooder,1,0,1
brolide,1,0,1
broklammer,1,0,1
broderick,1,0,1
bruckner,1,0,1
brunette,1,0,1
brunner,1,0,1
bs3rmgqdrvaf5ivjg4a2kjizihtml,1,0,1
btoo,1,0,1
bthe,1,0,1
bsuch,1,0,1
bsithis,1,0,1
bschorr,1,0,1
bsc,1,0,1
bs,1,0,1
brunsbtteler,1,0,1
brutation,1,0,1
brutalization,1,0,1
brutality,1,0,1
bruss,1,0,1
brushing,1,0,1
brushes,1,0,1
bumm,1,0,1
bummwith,1,0,1
bumping,1,0,1
bwi,1,0,1
cadastral,1,0,1
cad,1,0,1
cackle,1,0,1
cacadus,1,0,1
cables,1,0,1
cabilet,1,0,1
ca,1,0,1
c80420c3,1,0,1
c3po,1,0,1
bytoday,1,0,1
bystande,1,0,1
byshe,1,0,1
bysalma,1,0,1
byai,1,0,1
bwl,1,0,1
cadence,1,0,1
caffey,1,0,1
caffrey,1,0,1
calculated,1,0,1
calling,1,0,1
callbackurl,1,0,1
californiaponyai,1,0,1
californians,1,0,1
california300,1,0,1
calibration,1,0,1
calculable,1,0,1
cagla,1,0,1
calcator,1,0,1
calantic,1,0,1
calamous,0,1,1
caity,1,0,1
caitrona,1,0,1
cain,1,0,1
bwihk,1,0,1
bwdefilessitesltbwdokumentewp16drucksachen8000168128df,1,0,1
bunch,1,0,1
buzzer,1,0,1
burnable,1,0,1
burkhard,1,0,1
burke,1,0,1
burie,1,0,1
burial,1,0,1
burglarie,1,0,1
burgess,1,0,1
burger,1,0,1
burdas,1,0,1
burdaim,1,0,1
burck,1,0,1
burank,1,0,1
buntedejoguntede,1,0,1
bundestarif,1,0,1
bundeskabinett,1,0,1
burnsamerikas,1,0,1
businesswoman,1,0,1
busta,1,0,1
butter225,1,0,1
buzsai,1,0,1
buyook,1,0,1
buyable,1,0,1
buttigieg,1,0,1
butthere,1,0,1
butthe,1,0,1
butsha,1,0,1
butas,1,0,1
butpedagogical,1,0,1
butler,1,0,1
butin,1,0,1
buteven,1,0,1
butcoincidentally,1,0,1
butcher,1,0,1
counterfei,1,0,1
countermovement,1,0,1
biker,1,0,1
dynasty,1,0,1
dynamite,1,0,1
dwyane,1,0,1
dwthere,1,0,1
dwsit,1,0,1
dwicklung,1,0,1
dwfbl3tv3joa3jb5lc5yvwm3a4html,1,0,1
dwfather,1,0,1
dvorskovich,1,0,1
dv,1,0,1
dutton,1,0,1
dutiful,1,0,1
dusk,1,0,1
durmus,1,0,1
durham,1,0,1
dure,1,0,1
dynamix,1,0,1
dyparade,1,0,1
easeless,1,0,1
dysmorphic,1,0,1
earthworm,1,0,1
earthlings,1,0,1
earsflew,1,0,1
earned,1,0,1
earliestly,1,0,1
earest,1,0,1
eank,1,0,1
eaiaiqobchmihau5gp9wivyrogab1htqfgeamyasaegimzvdbwe,1,0,1
e7zrsubbshf4iy7agpb4ihtml,1,0,1
e73pdsni3lc76hahfejjjjsxehtml,1,0,1
e4c3aa30,1,0,1
e4,1,0,1
e2the,1,0,1
dyson,1,0,1
dysmorphophobia,1,0,1
durability,1,0,1
duplo,1,0,1
dunz,1,0,1
dung,1,0,1
dub,1,0,1
dter,1,0,1
dtcf,1,0,1
dsternis,1,0,1
dsert,1,0,1
dschindire,1,0,1
dsag,1,0,1
dsa,1,0,1
drzen,1,0,1
drv,1,0,1
drunkenness,1,0,1
drumming,1,0,1
drummer,1,0,1
drummajor,1,0,1
drowning,1,0,1
dubais,1,0,1
dubiousin,1,0,1
dublin,1,0,1
dumbbell,1,0,1
dunfgpoyzvevliknm5vnfq6jcehtml,1,0,1
dun,1,0,1
dumpling,1,0,1
dummies,1,0,1
dumm,1,0,1
dumbledore,1,0,1
dumb,1,0,1
ducaing,1,0,1
duly,1,0,1
dulling,1,0,1
duisburgers,1,0,1
duffy,1,0,1
duden,1,0,1
duchamp,1,0,1
ease,1,0,1
easting,1,0,1
drosselgasse,1,0,1
eerily,1,0,1
eeastwood,1,0,1
edx,1,0,1
edvard,1,0,1
edutainment,1,0,1
educationtable,1,0,1
educationcould,1,0,1
eduard,1,0,1
edmund,1,0,1
editorsnet,1,0,1
editorsetc,1,0,1
edith,1,0,1
editas,1,0,1
ediging,1,0,1
edify,1,0,1
edi,1,0,1
eegdaly,1,0,1
eesti,1,0,1
eastwood,1,0,1
eew,1,0,1
eightest,1,0,1
eier225,1,0,1
eickstdt,1,0,1
eickelmann,1,0,1
eibf,1,0,1
ehrenfels,1,0,1
egyptian,1,0,1
egomaniac,1,0,1
eggers,1,0,1
eggehren,1,0,1
efie,1,0,1
effortsinternal,1,0,1
efforted,1,0,1
efficacy,1,0,1
efert,1,0,1
edenspiekermann,1,0,1
edel,1,0,1
edefo,1,0,1
eddieizzard,1,0,1
echocardiography,1,0,1
echoardiography,1,0,1
echatgpt,1,0,1
eceuropaeunfo,1,0,1
ecbyou,1,0,1
ebnem,1,0,1
ebm,1,0,1
eberswalder,1,0,1
eberl,1,0,1
ebenjene,1,0,1
ebel,1,0,1
eb,1,0,1
eats,1,0,1
easy5,1,0,1
eastwoodis,1,0,1
echoes,1,0,1
echolose,1,0,1
echos,1,0,1
ecord,1,0,1
eddie,1,0,1
ecuadors,1,0,1
ecuador,1,0,1
ects,1,0,1
ecstatic,1,0,1
ecorporter,1,0,1
economythe,1,0,1
echr,1,0,1
economization,1,0,1
ecologist,1,0,1
ecologically,1,0,1
ecmwf,1,0,1
eckert,1,0,1
ecjthose,1,0,1
drove,1,0,1
dropdown,1,0,1
dissident,1,0,1
dolore,1,0,1
dollarha,1,0,1
dolby,1,0,1
dojp,1,0,1
dojotime,1,0,1
dogs,1,0,1
dogruer,1,0,1
dogma,1,0,1
doe,1,0,1
dodge,1,0,1
documentsand,1,0,1
documentknow,1,0,1
documenta,1,0,1
doctrine,1,0,1
doctorow,1,0,1
doct,1,0,1
dollbordell,1,0,1
dolphin,1,0,1
donationsb,1,0,1
dom,1,0,1
donant,1,0,1
donaldson,1,0,1
domino,1,0,1
dominion,1,0,1
dominick,1,0,1
domingos,1,0,1
dominatrix,1,0,1
dominator,1,0,1
dominantly,1,0,1
domicile,1,0,1
domhnall,1,0,1
domestication,1,0,1
domenico,1,0,1
domay,1,0,1
domanovi,1,0,1
docma,1,0,1
doch,1,0,1
doc,1,0,1
dobrindt,1,0,1
djukanovic,1,0,1
djk,1,0,1
dji,1,0,1
diy,1,0,1
divisible,1,0,1
divinity,1,0,1
divers,1,0,1
diverge,1,0,1
ditlmann,1,0,1
dithrambisch,1,0,1
distributionfrom,1,0,1
distracted,1,0,1
distinguishcan,1,0,1
distill,1,0,1
distelrath,1,0,1
dkb,1,0,1
dlacmorg,1,0,1
dlg,1,0,1
dmytro,1,0,1
do6,1,0,1
dnow,1,0,1
dnch,1,0,1
dnathey,1,0,1
dnapeople,1,0,1
dnait,1,0,1
dms,1,0,1
dlrbut,1,0,1
dmitrious,1,0,1
dmitri,1,0,1
dmgptfurther,1,0,1
dmgpt,1,0,1
dlt,1,0,1
dlrg,1,0,1
donating,1,0,1
dongle,1,0,1
dronespresent,1,0,1
dreyfus,1,0,1
dressed,1,0,1
dresdner,1,0,1
dren,1,0,1
dreke,1,0,1
dreieck,1,0,1
drei,1,0,1
dree,1,0,1
dreamstudio,1,0,1
dreams,1,0,1
dreaming,1,0,1
dreamer,1,0,1
dreamed,1,0,1
drawdown,1,0,1
drawback,1,0,1
drape,1,0,1
drew,1,0,1
drfw7umcr5mlhqcrrehtml,1,0,1
doning,1,0,1
drger,1,0,1
droneall,1,0,1
droll,1,0,1
drohbuchautoren,1,0,1
drobot,1,0,1
drivinga,1,0,1
driversthe,1,0,1
driversha,1,0,1
driversand,1,0,1
driveblocks,1,0,1
dritte,1,0,1
dripke,1,0,1
drip,1,0,1
dring,1,0,1
drillinghole,1,0,1
driest,1,0,1
drakes,1,0,1
draief,1,0,1
dragos,1,0,1
dragonfly,1,0,1
doteurope,1,0,1
dotcomboom,1,0,1
dostus,1,0,1
dos,1,0,1
dorries,1,0,1
dorosin,1,0,1
doria,1,0,1
doppelganger,1,0,1
dope,1,0,1
doorbell,1,0,1
doomism,1,0,1
donot,1,0,1
donna,1,0,1
donka,1,0,1
donjuanism,1,0,1
dotzauer,1,0,1
doubles,1,0,1
doubling,1,0,1
downwards,1,0,1
draeseke,1,0,1
draconian,1,0,1
draco,1,0,1
drabant,1,0,1
dpi,1,0,1
dpc,1,0,1
downturne,1,0,1
doubted,1,0,1
downton,1,0,1
downloaded,1,0,1
downloadable,1,0,1
downey,1,0,1
doughnutshtml,1,0,1
doubter,1,0,1
eilish,1,0,1
eils,1,0,1
eincht,1,0,1
equalize,1,0,1
epzlxfd6cqz,1,0,1
epps,1,0,1
epply,1,0,1
eppendorfer,1,0,1
episteme,1,0,1
episodes,1,0,1
epis,1,0,1
epilogue,1,0,1
epileptic,1,0,1
epidemiologist,1,0,1
eph4q7cqafcrpn3lw5qlq4iiuqhtml,1,0,1
eperanto,0,1,1
epen,1,0,1
epa,1,0,1
eoutenprotecte,1,0,1
eqnwqxmcrbdufh4rajyiyjlyg4html,1,0,1
equate,1,0,1
erlknig,1,0,1
equivalence,1,0,1
erivo,1,0,1
ericsson,1,0,1
erich,1,0,1
ericalaught,1,0,1
erhoen,1,0,1
ergonomically,1,0,1
ergo,1,0,1
erfundene,1,0,1
erfreiche,1,0,1
erforschung,1,0,1
erdem,1,0,1
erbach,1,0,1
erat,1,0,1
eraalso,1,0,1
er4wgg36g5afrpma6kruaw6us4html,1,0,1
enzensberger,1,0,1
environmentsuffice,1,0,1
enviable,1,0,1
entwickler,1,0,1
enrico,1,0,1
enrichment,1,0,1
enriching,1,0,1
ennoble,1,0,1
enke,1,0,1
enjoysgreat,1,0,1
enjoyable,1,0,1
enjeu,1,0,1
enix,1,0,1
enit,1,0,1
enhanced,1,0,1
englishwoman,1,0,1
englishartificial,1,0,1
engl,1,0,1
engines,1,0,1
enrticle,1,0,1
ensthaler,1,0,1
ensures,1,0,1
entlarven,1,0,1
entropy,1,0,1
entriescom,1,0,1
entrepreneurially,1,0,1
entlener,1,0,1
entlelter,1,0,1
entlaschungpaket,1,0,1
entirety,1,0,1
ent,1,0,1
entirelyother,1,0,1
enthuellung,1,0,1
enthrone,1,0,1
entfalt,1,0,1
entering,1,0,1
entaeuschlich,1,0,1
erler,1,0,1
ermakova,1,0,1
einen,1,0,1
etto,1,0,1
ethnographic,1,0,1
ethis,1,0,1
ethiopia,1,0,1
ethicsand,1,0,1
ethertocurrency,1,0,1
ethernet,1,0,1
ethereumcan,1,0,1
ethe,1,0,1
etgvjsjqrrfee55wcvhhaihtml,1,0,1
etfthese,1,0,1
etfshave,1,0,1
etfin,1,0,1
etfboth,1,0,1
etfat,1,0,1
etfan,1,0,1
etsy,1,0,1
etzioni,1,0,1
ermaum,1,0,1
euaccorde,1,0,1
eumeta,1,0,1
eulogy,1,0,1
eulerich,1,0,1
eukarlsruhe,1,0,1
eugenia,1,0,1
eugene,1,0,1
eufurthermore,1,0,1
eufrench,1,0,1
eufederal,1,0,1
eucan,1,0,1
eubasically,1,0,1
eubantierungen,1,0,1
euat,1,0,1
eualthough,1,0,1
euai,1,0,1
eternally,1,0,1
etch,1,0,1
etat,1,0,1
etahoffmann,1,0,1
escapist,1,0,1
escapism,1,0,1
escapade,1,0,1
escalator,1,0,1
esai,1,0,1
erzberger,1,0,1
eruption,1,0,1
ersten,1,0,1
errorsto,1,0,1
errorsthey,1,0,1
errorsand,1,0,1
erprobt,1,0,1
erode,1,0,1
erocke,1,0,1
ernest,1,0,1
esch,1,0,1
eschen,1,0,1
escher,1,0,1
esquire,1,0,1
estimatesinveste,1,0,1
estimated,1,0,1
esther,1,0,1
est,1,0,1
esser,1,0,1
esse,1,0,1
espresso,1,0,1
esentire,1,0,1
esports,1,0,1
esperanto,1,0,1
esotericism,1,0,1
esnquc5lwim,1,0,1
eskehimmelberg,1,0,1
eshoo,1,0,1
engineers,1,0,1
engglobalaffairsrurticles,1,0,1
engenieurde,1,0,1
ellie,1,0,1
ellen,1,0,1
elk,1,0,1
elizondo,1,0,1
elizas,1,0,1
elisabethenschule,1,0,1
eliot,1,0,1
elina,1,0,1
eliminin,1,0,1
elik,1,0,1
elife,1,0,1
eli,1,0,1
elevenlabsio,1,0,1
eleutha,1,0,1
elenoid,1,0,1
elements,1,0,1
ellenrieder,1,0,1
elliebamber,1,0,1
engels,1,0,1
elliott,1,0,1
ember,1,0,1
embeddings,1,0,1
embalm,1,0,1
emaciate,1,0,1
elunaai,1,0,1
elsedigital,1,0,1
eloquently,1,0,1
eloquentanswer,1,0,1
elonmusk,1,0,1
elonhtml,1,0,1
elongatingly,1,0,1
elo,1,0,1
elmo,1,0,1
ellis,1,0,1
ellipse,1,0,1
elektronik,1,0,1
electroscooter,1,0,1
electropioner,1,0,1
electrom,1,0,1
ekgs,1,0,1
ekd,1,0,1
ekboth,1,0,1
ejournalnet600,1,0,1
ejection,1,0,1
ejc,1,0,1
eixenberger,1,0,1
eitherotherwise,1,0,1
eisenstein,1,0,1
eisenhower,1,0,1
eiopa,1,0,1
einzigigartiggartig,1,0,1
einstudied,1,0,1
einst,1,0,1
einhupl,1,0,1
ekog,1,0,1
elamenon,1,0,1
elastomere,1,0,1
electrification,1,0,1
electroencephalography,1,0,1
electrocorticography,1,0,1
electrochemistry,1,0,1
electrocart,1,0,1
electrocardiogram,1,0,1
electrival,1,0,1
electrics,1,0,1
elazar,1,0,1
electrically,1,0,1
elections,0,1,1
electionhtml,1,0,1
eleanor,1,0,1
elbschlick,1,0,1
elbit,1,0,1
embezzle,1,0,1
emblazon,1,0,1
emblem,1,0,1
employees18,1,0,1
endangerment,1,0,1
encyclopedic,1,0,1
encrypted,1,0,1
encouraged,1,0,1
encoder,1,0,1
encode,1,0,1
enclosure,1,0,1
enchenzen,1,0,1
enbridge,1,0,1
enactment,1,0,1
enabling,1,0,1
emu,1,0,1
empt,1,0,1
employing,1,0,1
employers,1,0,1
ende,1,0,1
ended,1,0,1
endgod,1,0,1
energycreate,1,0,1
engelmann,1,0,1
engelbart,1,0,1
engagementdo,1,0,1
engage,1,0,1
eng,1,0,1
enforcementrequirement,1,0,1
energieksks,1,0,1
endlesson,1,0,1
energie,1,0,1
energetically,1,0,1
enemies,1,0,1
endt,1,0,1
endowed,1,0,1
endocrinology,1,0,1
employeesleave,1,0,1
employable,1,0,1
embodying,1,0,1
emphasizing,1,0,1
eminent,1,0,1
emine,1,0,1
emil,1,0,1
emicrosoft,1,0,1
emerson,1,0,1
emerning,1,0,1
emeritated,1,0,1
emeritate,1,0,1
emerged,1,0,1
emendrfer,1,0,1
emely,1,0,1
emcke,1,0,1
embracing,1,0,1
embrace,1,0,1
embossing,1,0,1
emirate,1,0,1
emiratis,1,0,1
emmas,1,0,1
emotionalsystem,1,0,1
emphasizesthe,1,0,1
emphasisor,1,0,1
empathize,1,0,1
empathically,1,0,1
empathic,1,0,1
empathetically,1,0,1
emotionalmake,1,0,1
emmawatson,1,0,1
emotionalconnection,1,0,1
emoticon,1,0,1
emote,1,0,1
emotal,1,0,1
emmys,1,0,1
emmerich,1,0,1
distancing,1,0,1
dissect,1,0,1
countlessmale,1,0,1
damte,1,0,1
damocles,1,0,1
damned,1,0,1
damlas,1,0,1
damir,1,0,1
damelio,1,0,1
dame,1,0,1
damcorona,1,0,1
damaged,1,0,1
dallmayr,1,0,1
dallas,1,0,1
dallara,1,0,1
dallai,1,0,1
dalferth,1,0,1
daley,1,0,1
dale,1,0,1
dams,1,0,1
danaher,1,0,1
darum,1,0,1
danckert,1,0,1
darkle,1,0,1
darja,1,0,1
darius,1,0,1
daringly,1,0,1
darin,1,0,1
dares,1,0,1
daren,1,0,1
dany,1,0,1
dantes,1,0,1
danny,1,0,1
dangles,1,0,1
dangersinstead,1,0,1
dangers4,1,0,1
dangeroustravel,1,0,1
dander,1,0,1
dal,1,0,1
dakh,1,0,1
dakar,1,0,1
daito,1,0,1
czppan,1,0,1
cz255hosxbezloucpqslh2cikml,1,0,1
cz255hosxbezloucpqslh2cikmhtml,1,0,1
cyril,1,0,1
cynthia,1,0,1
cymin,1,0,1
cylindrical,1,0,1
cylinder,1,0,1
cydonia,1,0,1
cyd,1,0,1
cyclone,1,0,1
cyborg,1,0,1
cybersex,1,0,1
cyberriminalitaet,1,0,1
cyberpunk,1,0,1
czs,1,0,1
czypionka,1,0,1
d1,1,0,1
daddle,1,0,1
dailys,1,0,1
dailynouscom202007,1,0,1
dahle,1,0,1
daft,1,0,1
dafr,1,0,1
dado,1,0,1
dadaistic,1,0,1
d226,1,0,1
dadaist,1,0,1
dada,1,0,1
dachshunds,1,0,1
dab,1,0,1
daach,1,0,1
d2ra6wx5bpwho46esw2vghtyhtml,1,0,1
dartmouth,1,0,1
darwinism,1,0,1
cybernation,1,0,1
decemberat,1,0,1
debts,1,0,1
debris,1,0,1
debit,1,0,1
debigatize,1,0,1
deathand,1,0,1
deat,1,0,1
deanonymization,1,0,1
dealogic,1,0,1
deadwood,1,0,1
deadspin,1,0,1
deadness,1,0,1
deadlock,1,0,1
deadlinecom,1,0,1
de67437krzdvxbtuv57gvownmihtml,1,0,1
de000ewg2ld7,1,0,1
decarbonize,1,0,1
decency,1,0,1
dasand,1,0,1
decibel,1,0,1
deepfacelive,1,0,1
deepepl,1,0,1
deepens,1,0,1
deepblue,1,0,1
deen,1,0,1
deduce,1,0,1
dedilated,1,0,1
decorator,1,0,1
deconstruct,1,0,1
decompose,1,0,1
declination,1,0,1
deciduous,1,0,1
decides,1,0,1
decidedly,1,0,1
decided,1,0,1
de000a0s9gb0,1,0,1
dcparticipate,1,0,1
dcnow,1,0,1
dckel,1,0,1
dausend,1,0,1
daunenmantel,1,0,1
daughters,1,0,1
datestatus,1,0,1
dateorientation,1,0,1
datenschatz,1,0,1
datathe,1,0,1
datatainment,1,0,1
datanow,1,0,1
databatic,1,0,1
dass,1,0,1
dashy,1,0,1
dash,1,0,1
dasding,1,0,1
dasche,1,0,1
daves,1,0,1
davesdevelopment,1,0,1
davinci,1,0,1
daysnytimescom202326upshotbiden,1,0,1
dc,1,0,1
dbypzaxnkfbrjpglezhumtbfeyhtml,1,0,1
dbendorf,1,0,1
db5,1,0,1
dazur,1,0,1
daytona,1,0,1
daysin,1,0,1
davo,1,0,1
dayscan,1,0,1
days,1,0,1
daybroken,1,0,1
dayand,1,0,1
dawes,1,0,1
dawains,1,0,1
cybernetically,1,0,1
cyberial,1,0,1
disregarded,1,0,1
crimeinclude,1,0,1
crimea,1,0,1
crevice,1,0,1
cretan,1,0,1
cress,1,0,1
crese,1,0,1
cremer,1,0,1
creepypasta,1,0,1
creeper,1,0,1
creek,1,0,1
creditworthy,1,0,1
credential,1,0,1
creatorsbefore,1,0,1
creativehalf,1,0,1
createda,1,0,1
created,1,0,1
crimean,1,0,1
criminalized,1,0,1
crmant,1,0,1
criminallama,1,0,1
critica,1,0,1
cristianini,1,0,1
cristian,1,0,1
crissible,1,0,1
crisprhave,1,0,1
crisp,1,0,1
crisisthe,1,0,1
crise,1,0,1
cripple,1,0,1
crint,1,0,1
cringey,1,0,1
crimmitschau,1,0,1
criminologist,1,0,1
criminologically,1,0,1
criminally,1,0,1
creamlabs,1,0,1
creak,1,0,1
craziest,1,0,1
crawler,1,0,1
cov,1,0,1
cousonseling,1,0,1
courts,1,0,1
courtroom,1,0,1
coursethe,1,0,1
coursepilot,1,0,1
coursebecome,1,0,1
courpter,1,0,1
courntey,1,0,1
couplebistumlimburgde,1,0,1
countrywhen,1,0,1
countryis,1,0,1
countriesin,1,0,1
countriescan,1,0,1
countrie,1,0,1
covariant,1,0,1
coventry,1,0,1
covered,1,0,1
craftndustrial,1,0,1
crawled,1,0,1
crashs,1,0,1
crashes,1,0,1
cranberry,1,0,1
cramer,1,0,1
craigs,1,0,1
cradle,1,0,1
covering,1,0,1
cracklet,1,0,1
craamai,1,0,1
cozmo,1,0,1
covidiot,1,0,1
covestro,1,0,1
covern,1,0,1
critics,1,0,1
croatia,1,0,1
cyberforum,1,0,1
curative,1,0,1
curati,1,0,1
cuprat,1,0,1
cuntamen,1,0,1
cunning,1,0,1
cumulate,1,0,1
cum,1,0,1
culturesare,1,0,1
cultureif,1,0,1
culmination,1,0,1
cuisre,1,0,1
cuisine,1,0,1
cuihua,1,0,1
cues,1,0,1
cubism,1,0,1
cuban,1,0,1
curating,1,0,1
curioai,1,0,1
croc,1,0,1
curmos,1,0,1
cyberclown,1,0,1
cybercaast,1,0,1
cyberbullying,1,0,1
cy,1,0,1
cutter,1,0,1
cutout,1,0,1
cutlery,1,0,1
customs,1,0,1
customers,1,0,1
curtis,1,0,1
cursed,1,0,1
currentlyuse,1,0,1
currentlythe,1,0,1
currentlystarte,1,0,1
currentlynot,1,0,1
cuaier,1,0,1
ctr,1,0,1
cte,1,0,1
csv,1,0,1
crumpled,1,0,1
cruises,1,0,1
crude,1,0,1
crucially,1,0,1
crowe,1,0,1
crowdfunde,1,0,1
crouch,1,0,1
crosser,1,0,1
crosse,1,0,1
crooked,1,0,1
cronenberg,1,0,1
croix,1,0,1
croissant,1,0,1
crocwise,1,0,1
crocodilato,1,0,1
crunch,1,0,1
crusade,1,0,1
crust,1,0,1
cryptographic,1,0,1
csswhen,1,0,1
cs,1,0,1
crystallize,1,0,1
crystallization,1,0,1
crystalfirst,1,0,1
cryptom,1,0,1
cryptographer,1,0,1
crux,1,0,1
cryptogallery,1,0,1
cryptocurse,1,0,1
cryptocrash,1,0,1
cryptary,1,0,1
crying,1,0,1
cruz,1,0,1
deepfakeproblem,1,0,1
deepfakerache,1,0,1
deepfakes44,1,0,1
digitizationhas,1,0,1
digither,1,0,1
digitalmedia,1,0,1
digitalization,1,0,1
digitaliobot,1,0,1
digitalinformation,1,0,1
digitalimage,1,0,1
digitalfoundation,1,0,1
digitale,1,0,1
digitalcourage,1,0,1
digitalchat,1,0,1
digital2023,1,0,1
digging,1,0,1
digestive,1,0,1
difussion,1,0,1
diffusiontrained,1,0,1
digitial,1,0,1
digits,1,0,1
diqkd,1,0,1
digitty,1,0,1
dip,1,0,1
dinosaurs,1,0,1
dinh,1,0,1
dinglou,1,0,1
dingir,1,0,1
dimitrios,1,0,1
dimensionsthe,1,0,1
dimensions,1,0,1
dilution,1,0,1
dilute,1,0,1
diligent,1,0,1
dilemmata,1,0,1
dilate,1,0,1
digression,1,0,1
digor,1,0,1
diffusionquick,1,0,1
difficultie,1,0,1
differentpossible,1,0,1
differentiated,1,0,1
diaphragm,1,0,1
diamonds,1,0,1
diametrical,1,0,1
dialogueif,1,0,1
dialogically,1,0,1
dialel,1,0,1
dialectuite,1,0,1
dialectologist,1,0,1
dialectically,1,0,1
dialabret,1,0,1
dial,1,0,1
diakovska,1,0,1
diagostic,0,1,1
diagnostics,1,0,1
diagnosticist,1,0,1
diaz,1,0,1
dickel,1,0,1
dickens,1,0,1
diehle,1,0,1
dietterich,1,0,1
diespam,1,0,1
diese,1,0,1
dierkes,1,0,1
dielaender,1,0,1
diekennidie,1,0,1
diederichs,1,0,1
dickey,1,0,1
diea,1,0,1
didi,1,0,1
didat,1,0,1
didactically,1,0,1
dictum,1,0,1
dictatorial,1,0,1
diplomatically,1,0,1
dirac,1,0,1
deepfke,1,0,1
dishwashing,1,0,1
dishbrains,1,0,1
disgust,1,0,1
disenchantment,1,0,1
disenchant,1,0,1
disempowering,1,0,1
disempowered,1,0,1
disembody,1,0,1
disegno,1,0,1
discutant,1,0,1
discut,1,0,1
discussant,1,0,1
discriminationge,1,0,1
discriminationexclude,1,0,1
discretionary,1,0,1
discrete,1,0,1
dishwasher,1,0,1
disiller,1,0,1
directiondo,1,0,1
disinhibition,1,0,1
disproportionate,1,0,1
disposed,1,0,1
disperse,1,0,1
disparage,1,0,1
disorientation,1,0,1
disorient,1,0,1
disneythe,1,0,1
disneyland,1,0,1
dismissive,1,0,1
dismayed,1,0,1
dismantling,1,0,1
dislike,1,0,1
diskette,1,0,1
disinvestment,1,0,1
disintereste,1,0,1
discreetlyagainst,1,0,1
discreet,1,0,1
discovering,1,0,1
discoverer,1,0,1
disappointments,1,0,1
disappointing100,1,0,1
disappearance,1,0,1
disable,1,0,1
dis,1,0,1
direwolves,1,0,1
directory,1,0,1
directorto,1,0,1
directorsto,1,0,1
directorsthat,1,0,1
directorof,1,0,1
directorate,1,0,1
directlyrecognize,1,0,1
directlyliability,1,0,1
directly100,1,0,1
disapprove,1,0,1
disarmament,1,0,1
disassembly,1,0,1
disconnect,1,0,1
discouraged,1,0,1
discourage,1,0,1
discosposposposcient,1,0,1
discospositive,1,0,1
discos,1,0,1
discontinuity,1,0,1
discoed,1,0,1
disastrous,1,0,1
disco,1,0,1
discmaster,1,0,1
disciplines,1,0,1
disciplinary,1,0,1
discard,1,0,1
disc,1,0,1
diagnostician,1,0,1
diabetic,1,0,1
dholaaia,1,0,1
demonized,1,0,1
democratized,1,0,1
democrat,1,0,1
democracybecome,1,0,1
demmen,1,0,1
demman,1,0,1
demle,1,0,1
demenz,1,0,1
dementi,1,0,1
dementer,1,0,1
demente,1,0,1
dementary,1,0,1
demei,1,0,1
demary,1,0,1
demagogue,1,0,1
deluxe,1,0,1
democratizing,1,0,1
demonstrandum,1,0,1
dharmesh,1,0,1
demonstrating,1,0,1
deontologically,1,0,1
deontological,1,0,1
deodorant,1,0,1
denze,1,0,1
denuchable,1,0,1
denomination,1,0,1
denny,1,0,1
denkewunde,1,0,1
deng,1,0,1
denalane,1,0,1
denaifuku,1,0,1
demotivation,1,0,1
demoscopic,1,0,1
demoscope,1,0,1
demoralize,1,0,1
delusion,1,0,1
deluge,1,0,1
dellert,1,0,1
delirium,1,0,1
deflection,1,0,1
deflace,1,0,1
defirmen,1,0,1
definize,1,0,1
defftig,1,0,1
defends,1,0,1
defended,1,0,1
defamatory,1,0,1
defam,1,0,1
deepplate,1,0,1
deeppl,1,0,1
deepp,1,0,1
deepming,1,0,1
deeplcom,1,0,1
deepke,1,0,1
degener,1,0,1
degenerate,1,0,1
degotiator,1,0,1
deila,1,0,1
delightful,1,0,1
delicatessen,1,0,1
delbrck,1,0,1
delaware,1,0,1
deity,1,0,1
deit,1,0,1
deify,1,0,1
degradation,1,0,1
deichmann,1,0,1
dei,1,0,1
dehumanize,1,0,1
dehumanization,1,0,1
dehuman,1,0,1
degrowth,1,0,1
depart,1,0,1
depeche,1,0,1
depiction,1,0,1
dethone,1,0,1
developing,1,0,1
developersto,1,0,1
developedif,1,0,1
developedgave,1,0,1
developedand,1,0,1
devastation,1,0,1
devastated,1,0,1
deutschlandverstaerkung,1,0,1
deutschen,1,0,1
deutschedalle,1,0,1
detract,1,0,1
detoxify,1,0,1
detox,1,0,1
detlev,1,0,1
detlef,1,0,1
developmentaccorde,1,0,1
developmentlifestyle,1,0,1
developments,1,0,1
devotion,1,0,1
dgs,1,0,1
dgkjp,1,0,1
dg,1,0,1
dfgthis,1,0,1
dexterity,1,0,1
devout,1,0,1
devito,1,0,1
developmentto,1,0,1
devilish,1,0,1
devicesto,1,0,1
deviceshe,1,0,1
devices,1,0,1
devicenormally,1,0,1
deviator,1,0,1
dethrone,1,0,1
deterrent,1,0,1
deport,1,0,1
determinesystem,1,0,1
desertfrom,1,0,1
deserted,1,0,1
descend,0,1,1
descartes,1,0,1
desalination,1,0,1
desai,1,0,1
derticles132678358932,1,0,1
derrtag,1,0,1
derogatory,1,0,1
derivative,1,0,1
derivations,1,0,1
derfond,1,0,1
deregulative,1,0,1
derailleur,1,0,1
deprivationthe,1,0,1
deservedly,1,0,1
desi,1,0,1
desinformation,1,0,1
detache,1,0,1
determinative,1,0,1
detectgpt,1,0,1
detainee,1,0,1
detailstake,1,0,1
details,1,0,1
detachment,1,0,1
det,1,0,1
desiree,1,0,1
desynchronization,1,0,1
destructiondue,1,0,1
destroyer,1,0,1
despotia,1,0,1
desolate,0,1,1
desnorddeutscher,1,0,1
bilateralism,1,0,1
bigposition,1,0,1
eunew,1,0,1
496,1,0,1
491,1,0,1
488f,1,0,1
48200,1,0,1
47th,1,0,1
47delicious,1,0,1
479,1,0,1
4787,1,0,1
4750,1,0,1
46f9,1,0,1
468693,1,0,1
468,1,0,1
4621143,1,0,1
45th,1,0,1
4591012,1,0,1
457,1,0,1
493,1,0,1
499all,1,0,1
4t3p6jejbaxhavg4voy6gfwyhtml,1,0,1
4after,1,0,1
4second,1,0,1
4s,1,0,1
4mbqfgc3fffkzpbx24bjahtml,1,0,1
4kthe,1,0,1
4important,1,0,1
4ic6tm4i2bb6xe45h4wdb6ybahtml,1,0,1
4gpt,1,0,1
4from,1,0,1
4for,1,0,1
4e1e,1,0,1
4companies,1,0,1
4bd4,1,0,1
4bbytcu6ljrjrjrjrjrjoehtml,1,0,1
4at,1,0,1
4and,1,0,1
456,1,0,1
452,1,0,1
4509422,1,0,1
4501604,1,0,1
4172422,1,0,1
41693,1,0,1
412002,1,0,1
411a,1,0,1
4100,1,0,1
410,1,0,1
40percent,1,0,1
40microsoft,1,0,1
40it,1,0,1
409the,1,0,1
4096qam,1,0,1
40908,1,0,1
4089312,1,0,1
4056334,1,0,1
40486,1,0,1
422,1,0,1
424,1,0,1
425the,1,0,1
43this,1,0,1
450000,1,0,1
44th,1,0,1
44f3,1,0,1
446,1,0,1
445,1,0,1
4423783,1,0,1
4323944,1,0,1
427,1,0,1
432,1,0,1
42nd,1,0,1
42d3,1,0,1
429,1,0,1
428,1,0,1
4272,1,0,1
4so,1,0,1
4to,1,0,1
402,1,0,1
5.00E+79,1,0,1
5ce727bec4bb,1,0,1
59774659,1,0,1
5945,1,0,1
592,1,0,1
590,1,0,1
58th,1,0,1
5896952,1,0,1
585000,1,0,1
582,1,0,1
581,1,0,1
57th,1,0,1
577,1,0,1
5760,1,0,1
572,1,0,1
571,1,0,1
5csk24jfge3owgkcftiyx2qmhtml,1,0,1
5g4qnujfwbfijhbxamp6ll2uwmhtml,1,0,1
4vision,0,1,1
5g6,1,0,1
6013582,1,0,1
6013283,1,0,1
600464,1,0,1
6000for,1,0,1
5y6vvjtdpnesfco63wdgbnnfa4html,1,0,1
5with,1,0,1
5the,1,0,1
5nq5lnvbbmrmrm6baqlb6hqgtehtml,1,0,1
5ms76imkzbqvvvv3ecehr4kahtml,1,0,1
5ms76imkzbqvvv3ecehr4kahtml,1,0,1
5ms76imkzbqv3echeig4kahtml,1,0,1
5ms76imkl5pkzbqv3echeig4kahtml,1,0,1
5mp,1,0,1
5more,1,0,1
5in,1,0,1
5700,1,0,1
570,1,0,1
562,1,0,1
5618,1,0,1
5189234,1,0,1
514853,1,0,1
511,1,0,1
5100,1,0,1
510,1,0,1
50mp,1,0,1
509,1,0,1
505,1,0,1
502,1,0,1
500the,1,0,1
5000the,1,0,1
5000a,1,0,1
500000among,1,0,1
4we,1,0,1
4vsight,1,0,1
5197290,1,0,1
52000,1,0,1
520of,1,0,1
5500,1,0,1
56000,1,0,1
560,1,0,1
55693,1,0,1
5525852,1,0,1
5.52152E+15,1,0,1
55000,1,0,1
545,1,0,1
522,1,0,1
5420313,1,0,1
5309694,1,0,1
5300,1,0,1
530,1,0,1
5295433,1,0,1
527,1,0,1
4036,1,0,1
400is,1,0,1
2610,1,0,1
30000nvidia,1,0,1
30000ai,1,0,1
300000the,1,0,1
2xxfbcdnnetvt33307898169812908176047075708ncnccat108,1,0,1
2xx,1,0,1
2wxwhdst5dgjpil46wcfp65sehtml,1,0,1
2these,1,0,1
2rxahje3l4x3nyfaslbeqkt5yehtml,1,0,1
2pac,1,0,1
2once,1,0,1
2now,1,0,1
2it,1,0,1
2hour,1,0,1
2google,1,0,1
2fs419,1,0,1
2fapp,1,0,1
30000and,1,0,1
30000technology,1,0,1
3120,1,0,1
3009863,1,0,1
311,1,0,1
31000,1,0,1
310,1,0,1
30the,1,0,1
30thas,1,0,1
30let,1,0,1
30but,1,0,1
30adobe,1,0,1
308,1,0,1
305,1,0,1
304the,1,0,1
304,1,0,1
3032,1,0,1
303,1,0,1
301,1,0,1
2f,1,0,1
2captcha,1,0,1
2bx,1,0,1
2b,1,0,1
2793463,1,0,1
279,1,0,1
27361,1,0,1
2734,1,0,1
2733622,1,0,1
272022,1,0,1
2711,1,0,1
270414,1,0,1
270000,1,0,1
26-Jun,1,0,1
267,1,0,1
2662494269,1,0,1
265for,1,0,1
265,1,0,1
262,1,0,1
2799,1,0,1
27franziska,1,0,1
28000,1,0,1
293,1,0,1
2at,1,0,1
2and,1,0,1
2aidi5qmo5do5nmelwiop2kapmhtml,1,0,1
29with,1,0,1
29th,1,0,1
298,1,0,1
290000,1,0,1
28042023,1,0,1
290,1,0,1
288,1,0,1
285in,1,0,1
2830,1,0,1
283,1,0,1
2808,1,0,1
3117603,1,0,1
315,1,0,1
400branche,1,0,1
3876,1,0,1
3865416,1,0,1
381,1,0,1
37further,1,0,1
373,1,0,1
370000,1,0,1
36988206,1,0,1
366the,1,0,1
365in,1,0,1
365copilot,1,0,1
364,1,0,1
363,1,0,1
362,1,0,1
35then,1,0,1
35the,1,0,1
35tesla,1,0,1
3869143,1,0,1
38governor,1,0,1
3152964,1,0,1
391,1,0,1
40000training,1,0,1
3unfortunately,1,0,1
3researche,1,0,1
3only,1,0,1
3mother,1,0,1
3in,1,0,1
3however,1,0,1
3dfx,1,0,1
3bf41da2,1,0,1
3based,1,0,1
3at,1,0,1
3aramco,1,0,1
3anyway,1,0,1
3a101038,1,0,1
3a,1,0,1
35one,1,0,1
35on,1,0,1
35of,1,0,1
35million,1,0,1
33although,1,0,1
339,1,0,1
336,1,0,1
335,1,0,1
33400,1,0,1
334,1,0,1
3314852,1,0,1
330000,1,0,1
33000,1,0,1
3300,1,0,1
329,1,0,1
325,1,0,1
322html,1,0,1
3180,1,0,1
3173,1,0,1
33however,1,0,1
33it,1,0,1
33rd,1,0,1
3500but,1,0,1
35in,1,0,1
35however,1,0,1
3599693,1,0,1
35949the,1,0,1
3536082,1,0,1
351,1,0,1
35000,1,0,1
340000,1,0,1
34jsxoxlanhailewclp33sudi2qhtml,1,0,1
3486,1,0,1
347,1,0,1
345000,1,0,1
344,1,0,1
341,1,0,1
605,1,0,1
60km,1,0,1
6119,1,0,1
aber,1,0,1
abdullah,1,0,1
abdoman,1,0,1
abdallah,1,0,1
abcfurther,1,0,1
abbvie,1,0,1
abbreviate,1,0,1
abbouassist,1,0,1
abbot,1,0,1
abaucin,1,0,1
abased,1,0,1
ababa,1,0,1
aaiva,1,0,1
aaihiko,1,0,1
aage,1,0,1
aachtmol,1,0,1
abe,1,0,1
abernathy,1,0,1
abrams,1,0,1
aberystwyth,1,0,1
abos,1,0,1
aboriginal,1,0,1
abomodell,0,1,1
abokunden,1,0,1
aboduse,1,0,1
abodine,1,0,1
abmantium,1,0,1
ablzlzlzlzlzlzlzlzlzlzlzlzlzlzlzlzlz5cmxfvg7on5o72kcuhtml,1,0,1
ableto,1,0,1
ableit,1,0,1
abitur540html,1,0,1
abip,1,0,1
abilior,1,0,1
abid,1,0,1
abfore,1,0,1
a800they,1,0,1
a8,1,0,1
a4nden,1,0,1
a4b5,1,0,1
99756847html,1,0,1
9886,1,0,1
9854486,1,0,1
982,1,0,1
97he,1,0,1
977,1,0,1
9600,1,0,1
9518892,1,0,1
9501242,1,0,1
950000,1,0,1
9460000,1,0,1
943000,1,0,1
93percent,1,0,1
93he,1,0,1
936,1,0,1
998,1,0,1
9999,1,0,1
99c6,1,0,1
a1cc,1,0,1
a4,1,0,1
a2pf0,1,0,1
a2n7kx,1,0,1
a2dr2l,1,0,1
a2anh0,1,0,1
a2ac4,1,0,1
a12,1,0,1
99the,1,0,1
a0s9gb,1,0,1
a0d3j000013sygteac,1,0,1
a051192,1,0,1
9to5google,1,0,1
9in,1,0,1
9ai,1,0,1
aboutqueen,1,0,1
abrasive,1,0,1
6144,1,0,1
actio,1,0,1
acrylic,1,0,1
acronym,1,0,1
acrobatic,1,0,1
acrament,1,0,1
acquittal,1,0,1
acquit,1,0,1
acousticnature,1,0,1
acoustically,1,0,1
acorns,1,0,1
aclu,1,0,1
acinetobacter,1,0,1
acidify,1,0,1
acidarie,1,0,1
aching,1,0,1
achievable,1,0,1
actant,1,0,1
activism,1,0,1
abridge,1,0,1
activitie,1,0,1
additionalmicrosoft,1,0,1
addis,1,0,1
addicted,1,0,1
added,1,0,1
adblock,1,0,1
adaptivemailer,1,0,1
adaption,1,0,1
adamdangelo,1,0,1
adamant,1,0,1
ad8a9d,1,0,1
acx,1,0,1
acutely,1,0,1
actorsin,1,0,1
actorsand,1,0,1
activitiesmost,1,0,1
achen,1,0,1
ache,1,0,1
accredit,1,0,1
accounts,1,0,1
acadia,1,0,1
academies,1,0,1
ac3tlfgiyehqagoexgd6eq6ybyhtml,1,0,1
ac,1,0,1
abysmal,1,0,1
abused,1,0,1
abtute,1,0,1
absurdly,1,0,1
absurdity,1,0,1
absurdation,1,0,1
abstention,1,0,1
absoluteely,1,0,1
absentee,1,0,1
abs,1,0,1
abrolhos,1,0,1
acapulco,1,0,1
accada,1,0,1
accadaic,1,0,1
accmlluzkhe6wwloc4zmkmutkuhtml,1,0,1
accordion,1,0,1
accordinglywas,1,0,1
accordinglycharacterai,1,0,1
accordinglyalso,1,0,1
accomplished,1,0,1
accompanie,1,0,1
accidentso,1,0,1
accadarish,1,0,1
accidentand,1,0,1
accessto,1,0,1
accession,1,0,1
accessing,1,0,1
accentuation,1,0,1
accelerating,1,0,1
935,1,0,1
9309554,1,0,1
930,1,0,1
740,1,0,1
728,1,0,1
7199,1,0,1
7136323,1,0,1
70th,1,0,1
703,1,0,1
700wi,1,0,1
7000there,1,0,1
6xzzzzzzzzzzzzzzzzzzzzzzzzzzzzzzzzzzzzzzzzzzzzzzzzvnqklfhp2hufoqp46h4html,1,0,1
6wa4exrtozjjujjujujujujujujujujujujujjzk22arqpll4html,1,0,1
6s4zqkog7bk6ncp2bazobmpxrihtml,1,0,1
6niltbb6ojd7xju4qkae4fehtml,1,0,1
6k3hhr7tv5cj3pz6ppf2cxzzztuhtml,1,0,1
6csx5gdkhfgxjk5lxuc5jcd4ayhtml,1,0,1
6and,1,0,1
6afqfikko5ibvgz4qkpkrwobs4html,1,0,1
730,1,0,1
74000,1,0,1
927,1,0,1
74305513,1,0,1
775,1,0,1
76ebv7kbvfa57imrbluwqmpxihtml,1,0,1
768,1,0,1
764783,1,0,1
764,1,0,1
761,1,0,1
760000,1,0,1
75x,1,0,1
7596842,1,0,1
755,1,0,1
74the,1,0,1
747,1,0,1
746,1,0,1
745,1,0,1
744,1,0,1
6999,1,0,1
698,1,0,1
690f9a1999ef,1,0,1
69000,1,0,1
649,1,0,1
647,1,0,1
646,1,0,1
6425,1,0,1
6.42E+07,1,0,1
6400,1,0,1
640,1,0,1
63000,1,0,1
630,1,0,1
62nd,1,0,1
6280986,1,0,1
6272b9048cebhtml,1,0,1
6239,1,0,1
619,1,0,1
617,1,0,1
650,1,0,1
6500,1,0,1
650000,1,0,1
6709352,1,0,1
690,1,0,1
688,1,0,1
687,1,0,1
685000,1,0,1
680,1,0,1
677,1,0,1
67000but,1,0,1
6513493,1,0,1
670000,1,0,1
67000,1,0,1
669,1,0,1
666,1,0,1
66200,1,0,1
655,1,0,1
7789682,1,0,1
77th,1,0,1
7800,1,0,1
82c7,1,0,1
888,1,0,1
87300finance,1,0,1
865985,1,0,1
863186,1,0,1
8616923,1,0,1
8600,1,0,1
860,1,0,1
85567,1,0,1
8530,1,0,1
8495462,1,0,1
8469,1,0,1
840000,1,0,1
83th,1,0,1
8361752,1,0,1
834,1,0,1
88th,1,0,1
890,1,0,1
8943852,1,0,1
911,1,0,1
92547,1,0,1
924623,1,0,1
9200,1,0,1
918,1,0,1
917,1,0,1
91216,1,0,1
9078622,1,0,1
8963,1,0,1
905,1,0,1
900000this,1,0,1
8fca,1,0,1
8f135194e581html,1,0,1
8at,1,0,1
899,1,0,1
8328713,1,0,1
8281052,1,0,1
78000,1,0,1
828,1,0,1
7pjrjkjkjkjrjkjkjkjkjkjklab2tswevzjruehtml,1,0,1
7m7x23mhy5cszt55hjrqhehtml,1,0,1
7if,1,0,1
7hkcn2jsmfczjfq5qsymptlmfehtml,1,0,1
7classe,1,0,1
7bdhvzpt5ze5rnwsb4l67777luhtml,1,0,1
7b,1,0,1
7ad0d41c6cc7,1,0,1
7ad06a85,1,0,1
79conversely,1,0,1
79an,1,0,1
7999,1,0,1
7947752,1,0,1
7853875,1,0,1
782a,1,0,1
7th1973,1,0,1
7th979,1,0,1
7the,1,0,1
804e,1,0,1
823,1,0,1
81677,1,0,1
816,1,0,1
8155663,1,0,1
8138382,1,0,1
80th,1,0,1
8021tsn,1,0,1
7uvzizecoyc7lq4lha7xbfl6cvihtml,1,0,1
80211bh,1,0,1
80211bf,1,0,1
80211be,1,0,1
80211ax,1,0,1
80211ad,1,0,1
80211,1,0,1
261until,1,0,1
261,1,0,1
additive,1,0,1
1920s,1,0,1
192000,1,0,1
1920,1,0,1
1918,1,0,1
1917,1,0,1
1912,1,0,1
191000,1,0,1
1908,1,0,1
1902,1,0,1
1900it,1,0,1
1900everyone,1,0,1
190000other,1,0,1
18website,1,0,1
18titisemiserecustiontededediehamas,1,0,1
1896,1,0,1
1892,1,0,1
1920only,1,0,1
1921,1,0,1
194but,1,0,1
1923,1,0,1
1948,1,0,1
1947,1,0,1
1943,1,0,1
1942for,1,0,1
1941decade,1,0,1
194,1,0,1
1938josef,1,0,1
1936,1,0,1
1933the,1,0,1
1932,1,0,1
1930s,1,0,1
19306,1,0,1
193,1,0,1
1928,1,0,1
1924,1,0,1
189,1,0,1
1883642,1,0,1
187000,1,0,1
187,1,0,1
178,1,0,1
176to,1,0,1
1769,1,0,1
175bthis,1,0,1
174,1,0,1
173000,1,0,1
1710,1,0,1
1701,1,0,1
16we,1,0,1
16until,1,0,1
16klein,1,0,1
1699,1,0,1
1690,1,0,1
1688,1,0,1
167,1,0,1
1789,1,0,1
1789385,1,0,1
1792,1,0,1
183000,1,0,1
1857,1,0,1
1850,1,0,1
1848,1,0,1
184,1,0,1
1836,1,0,1
1833,1,0,1
1829,1,0,1
1792720,1,0,1
1825,1,0,1
182000,1,0,1
181,1,0,1
180according,1,0,1
1805152,1,0,1
180000,1,0,1
1949,1,0,1
1950they,1,0,1
1612172,1,0,1
2001but,1,0,1
2000in,1,0,1
2000deutsche,1,0,1
2000after,1,0,1
20000we,1,0,1
20000before,1,0,1
1why,1,0,1
1stis,1,0,1
1pflitsch,1,0,1
1e9munity,1,0,1
1e9bek1e9munity,1,0,1
1.00E+09,1,0,1
1c3f14cc8392,1,0,1
1appointe,1,0,1
1a,1,0,1
19it,1,0,1
2000it,1,0,1
2002the,1,0,1
1951,1,0,1
2003in,1,0,1
2010roche,1,0,1
2010at,1,0,1
201,1,0,1
2008now,1,0,1
2007today,1,0,1
2007only,1,0,1
2006today,1,0,1
2006i,1,0,1
2006for,1,0,1
2006at,1,0,1
2005accorde,1,0,1
2004where,1,0,1
2004at,1,0,1
2003this,1,0,1
2003that,1,0,1
19for,1,0,1
19among,1,0,1
19a,1,0,1
1999but,1,0,1
1974,1,0,1
1973since,1,0,1
1972at,1,0,1
1971the,1,0,1
1971,1,0,1
197000,1,0,1
1969in,1,0,1
1969a,1,0,1
1968if,1,0,1
1964at,1,0,1
1962on,1,0,1
1962,1,0,1
1961,1,0,1
196,1,0,1
1956when,1,0,1
1978for,1,0,1
198,1,0,1
1981the,1,0,1
1993it,1,0,1
1998today,1,0,1
1998the,1,0,1
1998more,1,0,1
199899,1,0,1
199620,1,0,1
1995raffael,1,0,1
1992,1,0,1
1983his,1,0,1
199,1,0,1
1989the,1,0,1
1989lucas,1,0,1
1987it,1,0,1
19871994,1,0,1
1985anomaly,1,0,1
1639,1,0,1
1610in,1,0,1
2600,1,0,1
1021,1,0,1
101html,1,0,1
101371,1,0,1
101038,1,0,1
1010,1,0,1
100the,1,0,1
100in,1,0,1
1002x,1,0,1
1000in,1,0,1
100000000,1,0,1
1000000,1,0,1
0me,1,0,1
0e9e80b600d5html,1,0,1
0e555b418ed9,1,0,1
0c91aba50fb4,1,0,1
09motto,1,0,1
101with,1,0,1
1024qam,1,0,1
110and,1,0,1
1027112,1,0,1
109your,1,0,1
1097853,1,0,1
1080,1,0,1
107,1,0,1
1069062,1,0,1
1059411,1,0,1
1054,1,0,1
105000,1,0,1
1045,1,0,1
1043much,1,0,1
104000,1,0,1
103html,1,0,1
1035662,1,0,1
1030,1,0,1
102ter,1,0,1
092023the,1,0,1
0906fa92,1,0,1
89800,1,0,1
8948006,1,0,1
28,1,0,1
23,1,0,1
2202328,1,0,1
220,1,0,1
22,1,0,1
18,1,0,1
101,1,0,1
00afbdu1on6tc5zlqx8drwlc1rad3gb4tvna1tfcqgp9a,1,0,1
35,1,0,1
103,1,0,1
1,1,0,1
8585,1,0,1
83018,1,0,1
51,1,0,1
2,1,0,1
280,1,0,1
29,1,0,1
34,1,0,1
0603to,1,0,1
892183,1,0,1
89202400,1,0,1
75,1,0,1
723,1,0,1
71915,1,0,1
7,1,0,1
6,1,0,1
3695,1,0,1
588,1,0,1
58,1,0,1
525,1,0,1
04a5b4a2,1,0,1
435,1,0,1
411,1,0,1
10however,1,0,1
110the,1,0,1
15michael,1,0,1
146,1,0,1
1445,1,0,1
144000,1,0,1
1440,1,0,1
142,1,0,1
13it,1,0,1
13however,1,0,1
1380,1,0,1
1376,1,0,1
137,1,0,1
135000,1,0,1
13450,1,0,1
134000,1,0,1
134,1,0,1
13372027,1,0,1
13300,1,0,1
14482,1,0,1
1462,1,0,1
110therefore,1,0,1
148th,1,0,1
15f2,1,0,1
1599the,1,0,1
158th,1,0,1
1582942,1,0,1
15780744,1,0,1
1577,1,0,1
156600,1,0,1
1561,1,0,1
1546in,1,0,1
154,1,0,1
153,1,0,1
15120,1,0,1
151,1,0,1
15000293,1,0,1
14percent,1,0,1
13190,1,0,1
1314in,1,0,1
1300,1,0,1
1283,1,0,1
11thyou,1,0,1
11there,1,0,1
11bf,1,0,1
11be,1,0,1
11ay,1,0,1
119064,1,0,1
119,1,0,1
11811,1,0,1
115rank,1,0,1
11520,1,0,1
11448,1,0,1
1137114,1,0,1
11357,1,0,1
113000,1,0,1
1129,1,0,1
11when,1,0,1
12000cut,1,0,1
12000in,1,0,1
125000,1,0,1
12828,1,0,1
1282,1,0,1
1280,1,0,1
127,1,0,1
1251602,1,0,1
1250little,1,0,1
12500,1,0,1
12000meta,1,0,1
1250,1,0,1
1249,1,0,1
1235873,1,0,1
1235,1,0,1
121,1,0,1
120in,1,0,1
2010the,1,0,1
20112012,1,0,1
2011at,1,0,1
20fef,1,0,1
20des,1,0,1
20darf,1,0,1
2084,1,0,1
208,1,0,1
20742,1,0,1
2070,1,0,1
207,1,0,1
206,1,0,1
2050he,1,0,1
2050but,1,0,1
205,1,0,1
2046,1,0,1
2045,1,0,1
2044942,1,0,1
2040the,1,0,1
20dlich,1,0,1
20ndr,1,0,1
222,1,0,1
20particularly,1,0,1
221017,1,0,1
221013,1,0,1
220801,1,0,1
220213,1,0,1
220104,1,0,1
215000,1,0,1
213the,1,0,1
2128smart,1,0,1
211216,1,0,1
210000,1,0,1
20zeigen,1,0,1
20what,1,0,1
20twitter,1,0,1
20sprungthaftansisemiticervorfaelleinberlinpdf,1,0,1
20read,1,0,1
2040s,1,0,1
2038,1,0,1
2035above,1,0,1
2032,1,0,1
2025this,1,0,1
2025there,1,0,1
2025on,1,0,1
2025numerous,1,0,1
2025now,1,0,1
2025let,1,0,1
2025johanne,1,0,1
2025however,1,0,1
2025from,1,0,1
2025dure,1,0,1
2025and,1,0,1
2025612,1,0,1
2024will,1,0,1
2024we,1,0,1
2024unlike,1,0,1
2025tsmc,1,0,1
2026however,1,0,1
2026in,1,0,1
2029mayr,1,0,1
2030will,1,0,1
2030regardless,1,0,1
2030percent,1,0,1
2030however,1,0,1
2030accorde,1,0,1
2029storie,1,0,1
2029but,1,0,1
2026it,1,0,1
2028your,1,0,1
2028analyst,1,0,1
2027the,1,0,1
2026until,1,0,1
2026this,1,0,1
2026overall,1,0,1
221114,1,0,1
223,1,0,1
2011floppy,1,0,1
244,1,0,1
238,1,0,1
2357,1,0,1
2351943,1,0,1
23500,1,0,1
2345,1,0,1
231123,1,0,1
231121,1,0,1
231107,1,0,1
231030,1,0,1
231026,1,0,1
231012,1,0,1
231006,1,0,1
230928,1,0,1
230919,1,0,1
230914,1,0,1
240the,1,0,1
244000,1,0,1
223000,1,0,1
245,1,0,1
260,1,0,1
25it,1,0,1
25i,1,0,1
25ai,1,0,1
256the,1,0,1
256qam,1,0,1
2562,1,0,1
255,1,0,1
250000and,1,0,1
24th,1,0,1
24openai,1,0,1
2492484,1,0,1
248000,1,0,1
246000,1,0,1
246,1,0,1
230913,1,0,1
230912,1,0,1
230905,1,0,1
230830,1,0,1
230413,1,0,1
230411,1,0,1
230327,1,0,1
230326,1,0,1
230317,1,0,1
230314,1,0,1
230313,1,0,1
230220,1,0,1
230209,1,0,1
230201,1,0,1
23000,1,0,1
2300,1,0,1
2298,1,0,1
2261,1,0,1
225000,1,0,1
230416,1,0,1
230418,1,0,1
230420,1,0,1
230706,1,0,1
230825,1,0,1
230817,1,0,1
230727,1,0,1
230719,1,0,1
230713,1,0,1
230707,1,0,1
230704,1,0,1
230425,1,0,1
230614,1,0,1
230601,1,0,1
230525,1,0,1
230523,1,0,1
230511,1,0,1
230502,1,0,1
2024to,1,0,1
2024therefore,1,0,1
2024then,1,0,1
2019at,1,0,1
2019and,1,0,1
2019aino,1,0,1
2019about,1,0,1
201920the,1,0,1
201920,1,0,1
2018still,1,0,1
2018since,1,0,1
2018previously,1,0,1
2018one,1,0,1
2018musk,1,0,1
2018it,1,0,1
2018however,1,0,1
2018expert,1,0,1
2018bifold,1,0,1
2018basically,1,0,1
2019as,1,0,1
2019he,1,0,1
2024that,1,0,1
2019it,1,0,1
2020s,1,0,1
2020previously,1,0,1
2020now,1,0,1
2020it,1,0,1
2020however,1,0,1
2020at,1,0,1
2020and,1,0,1
2020a,1,0,1
202,1,0,1
201a,1,0,1
2019y,1,0,1
2019together,1,0,1
2019say,1,0,1
2019now,1,0,1
2019not,1,0,1
2018artificial,1,0,1
20182019,1,0,1
2017under,1,0,1
2017psychologist,1,0,1
201523,1,0,1
2014whether,1,0,1
2014we,1,0,1
2014in,1,0,1
2014i,1,0,1
2014for,1,0,1
2014as,1,0,1
2013there,1,0,1
2013sai,1,0,1
2013in,1,0,1
2013but,1,0,1
2012in,1,0,1
2011with,1,0,1
2011the,1,0,1
2011siri,1,0,1
2015a,1,0,1
2015according,1,0,1
2015he,1,0,1
2016there,1,0,1
2017now,1,0,1
2017it,1,0,1
2017i,1,0,1
2017at,1,0,1
2017as,1,0,1
2017among,1,0,1
2016the,1,0,1
2015if,1,0,1
2016now,1,0,1
2016he,1,0,1
2016exchange,1,0,1
2016as,1,0,1
2015the,1,0,1
2015sra,1,0,1
2020their,1,0,1
2020these,1,0,1
2020this,1,0,1
2022use,1,0,1
2023over,1,0,1
2023in,1,0,1
2023i,1,0,1
2023however,1,0,1
2023how,1,0,1
2023germany,1,0,1
2023from,1,0,1
2023for,1,0,1
2023expand,1,0,1
2023episode,1,0,1
2023but,1,0,1
2023as,1,0,1
2023artificial,1,0,1
2023according,1,0,1
202324,1,0,1
2023saving,1,0,1
2023this,1,0,1
2023those,1,0,1
2024berlin,1,0,1
2024recommende,1,0,1
2024now,1,0,1
2024it,1,0,1
2024however,1,0,1
2024google,1,0,1
2024expert,1,0,1
2024at,1,0,1
2023within,1,0,1
2024around,1,0,1
2024admission,1,0,1
2024accorde,1,0,1
2024a,1,0,1
2023yourself,1,0,1
2023worldcoin,1,0,1
2022when,1,0,1
2022statistically,1,0,1
2020with,1,0,1
2022so,1,0,1
2021two,1,0,1
2021this,1,0,1
2021russell,1,0,1
2021i,1,0,1
2021his,1,0,1
2021he,1,0,1
2021gpt,1,0,1
2021government,1,0,1
2021from,1,0,1
2021experience,1,0,1
2021discussion,1,0,1
2021data,1,0,1
2021auditor,1,0,1
2021among,1,0,1
2021after,1,0,1
2021using,1,0,1
2022accorde,1,0,1
2022almost,1,0,1
2022gai,1,0,1
2022pointe,1,0,1
2022openai,1,0,1
2022on,1,0,1
2022meta,1,0,1
2022it,1,0,1
2022i,1,0,1
2022fed,1,0,1
2022already,1,0,1
2022excavation,1,0,1
2022eight,1,0,1
2022determine,1,0,1
2022before,1,0,1
2022because,1,0,1
2022at,1,0,1
additionequip,1,0,1
addresses,1,0,1
bigott,1,0,1
atze,1,0,1
atwood,1,0,1
atwhich,1,0,1
atum26ggzscvykj4zx72m6snihtml,1,0,1
attributable,1,0,1
attractor,1,0,1
attic,1,0,1
atthe,1,0,1
attersee,1,0,1
attendant,1,0,1
attackedhamas,1,0,1
attached,1,0,1
att,1,0,1
atsuko,1,0,1
atrocer,1,0,1
atrocation,1,0,1
atys,1,0,1
auattentive,1,0,1
aurelie,1,0,1
audimax,1,0,1
aum,1,0,1
augustpeople,1,0,1
augustoperation,1,0,1
augustin,1,0,1
auguste,1,0,1
augspurg,1,0,1
augmented,1,0,1
aufwahr,1,0,1
aufrekordkurs,1,0,1
aufactivist,1,0,1
auditors,1,0,1
auditively,1,0,1
audiotinment,1,0,1
audiolalk,1,0,1
audiobe,1,0,1
atrium,1,0,1
atra,1,0,1
atms,1,0,1
atlantis,1,0,1
asthma,1,0,1
asterisks,1,0,1
assyrian,1,0,1
assoumani,1,0,1
assortment,1,0,1
associative,1,0,1
assistme,1,0,1
assimilate,1,0,1
assignmentwa,1,0,1
assi,1,0,1
asshole,1,0,1
assetto,1,0,1
assessmentthe,1,0,1
assessable,1,0,1
assaulted,1,0,1
astley,1,0,1
aston,1,0,1
astonicas,1,0,1
atari,1,0,1
atif,1,0,1
athens,1,0,1
atheistic,1,0,1
atheism,1,0,1
ate,1,0,1
atdisney,1,0,1
atage,1,0,1
astragon,1,0,1
asynchronous,1,0,1
aswe,1,0,1
asus,1,0,1
astrophysical,1,0,1
astronomy,1,0,1
astronomical,1,0,1
aunche,1,0,1
aurora,1,0,1
ass,1,0,1
axe11000,1,0,1
ax3,1,0,1
awwa,1,0,1
awsmore,1,0,1
awsaw,1,0,1
awo,1,0,1
awardshave,1,0,1
awarding,1,0,1
awakens,1,0,1
avram,1,0,1
avon,1,0,1
avoma,1,0,1
avoidedin,1,0,1
aversity,1,0,1
averse,1,0,1
avengers,1,0,1
axathere,1,0,1
axio,1,0,1
ausblmyahjaf3jaf3jaswopmsyvtihtml,1,0,1
axios,1,0,1
babelua,1,0,1
babelfisch,1,0,1
babbelbot,1,0,1
baasner,1,0,1
baai,1,0,1
b761,1,0,1
b40e,1,0,1
b2c,1,0,1
azthere,1,0,1
azsince,1,0,1
azat,1,0,1
azali,1,0,1
az,1,0,1
ayers,1,0,1
axivity,1,0,1
avenger,1,0,1
avatarian,1,0,1
avataren,1,0,1
avatare,1,0,1
autocracy,1,0,1
autoclavable,1,0,1
autobahnen,1,0,1
autism,1,0,1
authorswho,1,0,1
authorson,1,0,1
authoroutside,1,0,1
authorized,1,0,1
authoritiesand,1,0,1
authorities,1,0,1
authorallowe,1,0,1
authenticated,1,0,1
auth,1,0,1
austrians,1,0,1
austen,1,0,1
autocratization,1,0,1
autofiction,1,0,1
autogenere,1,0,1
autors,1,0,1
avanced,1,0,1
avalanche,1,0,1
av,1,0,1
autx,1,0,1
autozeitungde,1,0,1
autos,1,0,1
autoritarian,1,0,1
automat,1,0,1
autopilote,1,0,1
autonomes,1,0,1
autonoman,1,0,1
automaton,1,0,1
automative,1,0,1
automaticallyto,1,0,1
assassinto,1,0,1
aspiration,1,0,1
anymorethen,1,0,1
arca,1,0,1
arbitrate,1,0,1
arbitral,1,0,1
arbeitstag,1,0,1
arbeitslose,1,0,1
arbeit,1,0,1
araujo,1,0,1
aquaman,1,0,1
apulia,1,0,1
apthe,1,0,1
apt,1,0,1
appsbecame,1,0,1
appsagain,1,0,1
approval10000,1,0,1
appropriates,1,0,1
appropriateness,1,0,1
arbitrator,1,0,1
arcand,1,0,1
arehave,1,0,1
archaic,1,0,1
areaswithout,1,0,1
areartificial,1,0,1
areanother,1,0,1
arean,1,0,1
ardgooglecom,1,0,1
archivist,1,0,1
archivemay,1,0,1
archived,1,0,1
architectures,1,0,1
architecturally,1,0,1
architects,1,0,1
archie,1,0,1
archetype,1,0,1
arched,1,0,1
arche,1,0,1
appreciatively,1,0,1
appreciative,1,0,1
applying,1,0,1
applicationsto,1,0,1
apostle,1,0,1
apolitical,1,0,1
apocalyptist,1,0,1
apocalyptian,1,0,1
aplomb,1,0,1
apithe,1,0,1
apiinsofar,1,0,1
aphex,1,0,1
apeks,1,0,1
apandemy,1,0,1
aorte,1,0,1
aof,1,0,1
anzt,1,0,1
anyto,1,0,1
anytime,1,0,1
apostrophize,1,0,1
apparatbau,1,0,1
appealing,1,0,1
applauded,1,0,1
applicationscan,1,0,1
applicationsand,1,0,1
applications3,1,0,1
applicationperformance,1,0,1
applicationaids,1,0,1
applemusic,1,0,1
applaud,1,0,1
appealingly,1,0,1
appetizer,1,0,1
appellative,1,0,1
appell,1,0,1
appeasingly,1,0,1
appearing,1,0,1
appeared,1,0,1
areemphasize,1,0,1
arein,1,0,1
asphaltand,1,0,1
ashton,1,0,1
asg,1,0,1
asexual,1,0,1
aseeptic,1,0,1
aseconomic,1,0,1
asaphus,1,0,1
asam,1,0,1
aryza,1,0,1
arx,1,0,1
arup,1,0,1
arttactic,1,0,1
artistsdue,1,0,1
artistscome,1,0,1
artisanal,1,0,1
artificialsaye,1,0,1
artificialintelligencede,1,0,1
ashik,1,0,1
ashurst,1,0,1
arendt,1,0,1
ashwini,1,0,1
asphalt,1,0,1
aspen,1,0,1
aspandemia,1,0,1
asoka,1,0,1
asmlboth,1,0,1
asm,1,0,1
askyourpdfcom,1,0,1
asklepios,1,0,1
askanische,1,0,1
asitellte,1,0,1
asimovs,1,0,1
asimo,1,0,1
asians,1,0,1
asiais,1,0,1
asi,1,0,1
artificialas,1,0,1
artificiai,1,0,1
articulated,1,0,1
articular,1,0,1
armored,1,0,1
armistice,1,0,1
armholding,1,0,1
arkk,1,0,1
aristocrat,1,0,1
arista,1,0,1
arias,1,0,1
argus,1,0,1
argumentatively,1,0,1
argentinosaurus,1,0,1
argentinian,1,0,1
argentine,1,0,1
aretechnological,1,0,1
arestill,1,0,1
areolate,1,0,1
armpitzuck,1,0,1
arms,1,0,1
armythe,1,0,1
arrual,1,0,1
articleto,1,0,1
articleis,1,0,1
articleallow,1,0,1
artbreeder,1,0,1
arsu,1,0,1
arsne,1,0,1
arrhythmias,1,0,1
aromatic,1,0,1
arrear,1,0,1
arranged,1,0,1
arpanet,1,0,1
aroundthere,1,0,1
aroundthe,1,0,1
aron,1,0,1
babenco,1,0,1
babilize,1,0,1
babs,1,0,1
benediktbeuern,1,0,1
benatar,1,0,1
bemore,1,0,1
belzen,1,0,1
belsen,1,0,1
belove,1,0,1
beloussov,1,0,1
belousov,1,0,1
belongs,1,0,1
bellmann,1,0,1
believes,1,0,1
believable,1,0,1
belgrade,1,0,1
belaqua,1,0,1
belade,1,0,1
belacqua,1,0,1
benchtigung,1,0,1
benefitcalculation,1,0,1
ber,1,0,1
benefitonly,1,0,1
beparagraph,1,0,1
beoffere,1,0,1
benzen,1,0,1
bentley,1,0,1
benot,1,0,1
beno,1,0,1
benko,1,0,1
benji,1,0,1
benj,1,0,1
benisty,1,0,1
benioff,1,0,1
bengler,1,0,1
bengal,1,0,1
benerzen,1,0,1
beneish,1,0,1
beit,1,0,1
beisenherz,1,0,1
beis,1,0,1
beingcompanie,1,0,1
beef,1,0,1
beeck,1,0,1
beech,1,0,1
bedtimestoryai,1,0,1
bedtime,1,0,1
bedo,1,0,1
bede,1,0,1
becomingprobably,1,0,1
becomecan,1,0,1
bechtolsheim,1,0,1
bechtle,1,0,1
bechtel,1,0,1
becher,1,0,1
becauseyou,1,0,1
bebelix,1,0,1
beet,1,0,1
bef3,1,0,1
beforein,1,0,1
beht,1,0,1
beimante,1,0,1
beim,1,0,1
beigelnde,1,0,1
beige,1,0,1
beifbea6iwjrwjrwsvymb53nahtml,1,0,1
beiersdorf,1,0,1
behmer,1,0,1
beforepublishe,1,0,1
behest,1,0,1
behening,1,0,1
begins,1,0,1
beginningunderstand,1,0,1
beginaccorde,1,0,1
beforeyear,1,0,1
beperhap,1,0,1
bereal,1,0,1
babymord,1,0,1
bibliographical,1,0,1
bibberbert,1,0,1
bianchi,1,0,1
bhring,1,0,1
bhere,1,0,1
bhatti,1,0,1
bhata,1,0,1
bfr,1,0,1
bfqa5pzwkyesvjwyff7lsfjydqhtml,1,0,1
bffs,1,0,1
bff,1,0,1
bfdi,1,0,1
beyer,1,0,1
bewobefahrt,1,0,1
bewehrlich,1,0,1
beware,1,0,1
bibleand,1,0,1
bibliomancy,1,0,1
bergamo,1,0,1
bibliotic,1,0,1
bigotry,1,0,1
biglaylla,1,0,1
biglaylas,1,0,1
bigben,1,0,1
bifida,1,0,1
bieten,1,0,1
biermann,1,0,1
bierling,1,0,1
bier,1,0,1
bienert73,1,0,1
biedenkopf,1,0,1
bidue,1,0,1
bidding,1,0,1
bida,1,0,1
bibliotics,1,0,1
beverage,1,0,1
betz,1,0,1
betweenthe,1,0,1
betterov,1,0,1
beser,1,0,1
bes,1,0,1
bertelsmannfoundation,1,0,1
berswerk,1,0,1
bernie,1,0,1
bernard,1,0,1
bermuda,1,0,1
berlintiergarten,1,0,1
berlinorg,1,0,1
berlindepublikationzois,1,0,1
berlinare,1,0,1
berlinale,1,0,1
berkshire,1,0,1
bergisch,1,0,1
bergers,1,0,1
besse,1,0,1
besseres,1,0,1
bestprospect,1,0,1
betrayer,1,0,1
betterment,1,0,1
bettermarks,1,0,1
bettercom,1,0,1
betteralway,1,0,1
bets,1,0,1
betrieb,1,0,1
betongold,1,0,1
bestwhat,1,0,1
beto,1,0,1
betlejuice,1,0,1
bethesda,1,0,1
bethe,1,0,1
beth,1,0,1
beteiligungsgesellschaft,1,0,1
beautician,1,0,1
beaune,1,0,1
beau,1,0,1
bamako,1,0,1
balun,1,0,1
balthazar,1,0,1
balm,1,0,1
ballpoint,1,0,1
ballot,1,0,1
ballfish,1,0,1
ballermannhits,1,0,1
ballermann,1,0,1
ballad,1,0,1
balkans,1,0,1
balingen,1,0,1
bali,1,0,1
balfe,1,0,1
baldwin,1,0,1
baldur,1,0,1
balzer,1,0,1
bambaataa,1,0,1
beate,1,0,1
banaler,1,0,1
barclays,1,0,1
barbecue,1,0,1
baple,1,0,1
bap,1,0,1
baobab,1,0,1
banu,1,0,1
banknote,1,0,1
banished,1,0,1
banino,1,0,1
bangladesh,1,0,1
bangkok,1,0,1
baner,1,0,1
bandone,1,0,1
bandelow,1,0,1
bandage,1,0,1
baldoni,1,0,1
balcer,1,0,1
balcar,1,0,1
baku,1,0,1
badenbis,1,0,1
bacteriaviruses,1,0,1
bacon,1,0,1
backstrengthen,1,0,1
backstory,1,0,1
backstone,1,0,1
backpropagation,1,0,1
backlog,1,0,1
backlight,1,0,1
backer,1,0,1
backat,1,0,1
bachmuth,1,0,1
bachelors,1,0,1
baccalaurat,1,0,1
babysitter,1,0,1
bador,1,0,1
baecker,1,0,1
baeude,1,0,1
baijiahao,1,0,1
bakker,1,0,1
bakeryone,1,0,1
baked,1,0,1
bajekal,1,0,1
bait,1,0,1
baios,1,0,1
baier,1,0,1
bafin,1,0,1
bahring,1,0,1
bahns,1,0,1
bahlmann,1,0,1
baguette,1,0,1
bagt,1,0,1
baghdad,1,0,1
barcode,1,0,1
barden,1,0,1
bardgooglecom,1,0,1
bauholde,1,0,1
bcr,1,0,1
bcould,1,0,1
bcherjolle,1,0,1
bcai,1,0,1
bblingen,1,0,1
bbcaccorde,1,0,1
bays,1,0,1
bayonetta,1,0,1
bayernlbmichels,1,0,1
baxxter,1,0,1
bawwaba,1,0,1
bavarians,1,0,1
bausenator,1,0,1
baurmann,1,0,1
baumgart,1,0,1
bcw,1,0,1
bczb72bd5hbmekdcrwojfbyhtml,1,0,1
bd252ahz4zhadkn2vgsby3rrb4html,1,0,1
beamforme,1,0,1
beasts,1,0,1
beas,1,0,1
bears,1,0,1
bearer,1,0,1
beardless,1,0,1
bearable,1,0,1
beagainst,1,0,1
bd252ahz4zhadkn2vgsby3rrrb4html,1,0,1
beabsolutely,1,0,1
be900,1,0,1
bdiprairs,1,0,1
bdi,1,0,1
bd4mw7r26r4durocdezqwzhmx4html,1,0,1
bd4mw7r26r4durocdezmx4html,1,0,1
baumbach,1,0,1
bauf,1,0,1
bardso,1,0,1
bauder,1,0,1
bartels,1,0,1
barry,1,0,1
barros,1,0,1
barricaded,1,0,1
barren,1,0,1
barra,1,0,1
baroque,1,0,1
barkamp,1,0,1
bark,1,0,1
bargo,1,0,1
barger,1,0,1
barg,1,0,1
barf,1,0,1
barer,1,0,1
bareis,1,0,1
bartender,1,0,1
bartlett,1,0,1
bartosiewicz,1,0,1
bastian,1,0,1
baton,1,0,1
batmobil,1,0,1
bathtub,1,0,1
bates,1,0,1
bateman,1,0,1
batch,1,0,1
basterds,1,0,1
basedgpt,1,0,1
bastei,1,0,1
bassist,1,0,1
basisfrom,1,0,1
basicallyinnovativecom,1,0,1
baseless,1,0,1
basedin,1,0,1
anyonecan,1,0,1
anyhave,1,0,1
adelaide,1,0,1
ailuxembourg,1,0,1
ailowatt,1,0,1
ailook,1,0,1
ailong,1,0,1
ailmer,1,0,1
ailment,1,0,1
ailling,1,0,1
aileslie,1,0,1
ailer,1,0,1
ailametti,1,0,1
ail,1,0,1
aika,1,0,1
aijust,1,0,1
aijob,1,0,1
aiinstead,1,0,1
aiinsofar,1,0,1
ailower,1,0,1
aimarcel,1,0,1
ainext,1,0,1
aimed,1,0,1
ainetics,1,0,1
ainetflix,1,0,1
aineede,1,0,1
aindly,1,0,1
aindl,1,0,1
aindergrundicherung,1,0,1
ainder,1,0,1
aimys,1,0,1
aimuch,1,0,1
aimost,1,0,1
aimonth,1,0,1
aimmunoscore,1,0,1
aiml,1,0,1
aiminister,1,0,1
aimep,1,0,1
aiinsanely,1,0,1
aiinfo,1,0,1
aiindividual,1,0,1
aii,1,0,1
aiexpert,1,0,1
aiexperience,1,0,1
aiexample,1,0,1
aielmansegg,1,0,1
aieither,1,0,1
aiefer,1,0,1
aidue,1,0,1
aidr,1,0,1
aidoes,1,0,1
aidnapped,1,0,1
aidman,1,0,1
aidigital,1,0,1
aidevelope,1,0,1
aidevelop,1,0,1
aideutsche,1,0,1
aiez,1,0,1
aiezlabor,1,0,1
aifear,1,0,1
aigner,1,0,1
aihtml,1,0,1
aihrencheitheit,1,0,1
aihis,1,0,1
aihere,1,0,1
aihenrik,1,0,1
aihabeck,1,0,1
aigenerative,1,0,1
aifederal,1,0,1
aifrom,1,0,1
aifrequently,1,0,1
aifrederiksen,1,0,1
aifrance,1,0,1
aifortunately,1,0,1
aiflorian,1,0,1
aineuralink,1,0,1
ainkerlitzchen,1,0,1
aideep,1,0,1
aistaphes,0,1,1
aisprint,1,0,1
aispeaks,1,0,1
aispar,1,0,1
aisosis,1,0,1
aison,1,0,1
aisoftware,1,0,1
aisnipple,1,0,1
aisnipeli,1,0,1
aismicrosoft,1,0,1
aislusallel,1,0,1
aisle,1,0,1
aisin,1,0,1
aishaw,1,0,1
aiscientist,1,0,1
aischneider,1,0,1
aissebastian,1,0,1
aistart,1,0,1
ainot,1,0,1
aistephan,1,0,1
aitin,1,0,1
aithrough,1,0,1
aithose,1,0,1
aitetet,1,0,1
aiten,1,0,1
aitechnology,1,0,1
aite,1,0,1
aitchens,1,0,1
aisynthia,1,0,1
aisyntea,1,0,1
aisuppli,1,0,1
aisubscribe,1,0,1
aistufe,1,0,1
aistophas,1,0,1
aistochastic,1,0,1
aisap,1,0,1
airy,1,0,1
airway,1,0,1
airstough,1,0,1
aiprofession,1,0,1
aiprivate,1,0,1
aipphardt,1,0,1
aipolitical,1,0,1
aiparticularly,1,0,1
aipage,1,0,1
aip,1,0,1
aiosk,1,0,1
aior,1,0,1
aiopen,1,0,1
aione,1,0,1
ainsty,1,0,1
ainsectaand,1,0,1
ainschale,1,0,1
ainote,1,0,1
aiquote,1,0,1
airachelle,1,0,1
airain,1,0,1
airill,1,0,1
airsten,1,0,1
airport23,1,0,1
airpods,1,0,1
airplane,1,0,1
airk,1,0,1
airing,1,0,1
airequired,1,0,1
airchen,1,0,1
aireferre,1,0,1
airecommended,1,0,1
airecommendation,1,0,1
airead,1,0,1
airdevelopment,1,0,1
airchplatz,1,0,1
aidespite,1,0,1
aiddison,1,0,1
anyding,1,0,1
aftercare,1,0,1
africaans,1,0,1
aforementioned,1,0,1
aflorithmic,1,0,1
affords,1,0,1
affordablethe,1,0,1
affiner,1,0,1
affin,1,0,1
affiliates,1,0,1
affective,1,0,1
afdthey,1,0,1
afdthen,1,0,1
afdthe,1,0,1
afar,1,0,1
aexpert,1,0,1
aeussern,1,0,1
aft,1,0,1
afterenter,1,0,1
agents,1,0,1
afterlife,1,0,1
ageis,1,0,1
agee,1,0,1
age43,1,0,1
agapple,1,0,1
againstthe,1,0,1
againstkrawallmacher,1,0,1
againstactivistsof,1,0,1
againrepthraseinfo,1,0,1
againreactivate,1,0,1
againcutting,1,0,1
aga,1,0,1
aftlife,1,0,1
aftertaste,1,0,1
aftersachsenhausen,1,0,1
afteron,1,0,1
aestbaum,1,0,1
aerovirste,1,0,1
aerosol,1,0,1
aeroroswidka,1,0,1
ado,1,0,1
adna,1,0,1
admiral,1,0,1
administer,1,0,1
adlicious,1,0,1
adlershof,1,0,1
adjutant,1,0,1
adjoining,1,0,1
adjacentsubject,1,0,1
adigi,1,0,1
adi,1,0,1
adherence,1,0,1
adesso,1,0,1
adesign,1,0,1
adesanya,1,0,1
adobe2,1,0,1
adopted,1,0,1
adoptive,1,0,1
advises,1,0,1
aerodynamic,1,0,1
aegis,1,0,1
aeb9,1,0,1
ae1e,1,0,1
advocacy,1,0,1
advisorfor,1,0,1
adviser,1,0,1
adore,1,0,1
adversitie,1,0,1
advances,1,0,1
advancebe,1,0,1
adulter,1,0,1
adtv5,1,0,1
adrien,1,0,1
agenthelp,1,0,1
ageof,1,0,1
aidata,1,0,1
aibig,1,0,1
aibehind,1,0,1
aibefore,1,0,1
aiautomation,1,0,1
aiauthor,1,0,1
aiaround,1,0,1
aiare,1,0,1
aianyone,1,0,1
aianother,1,0,1
aiandrea,1,0,1
aialso,1,0,1
aialready,1,0,1
aialmost,1,0,1
aialgorithm,1,0,1
aiaimy,1,0,1
aiagent,1,0,1
aibera,1,0,1
aibiometric,1,0,1
agera,1,0,1
aibitkom,1,0,1
aidangerous,1,0,1
aidaily,1,0,1
aicurrently,1,0,1
aicould,1,0,1
aicorporation,1,0,1
aicontent,1,0,1
aicon,1,0,1
aicompare,1,0,1
aicompanie,1,0,1
aickstarter,1,0,1
aickers,1,0,1
aichristoph,1,0,1
aich,1,0,1
aicaing,1,0,1
aibreast,1,0,1
aiadvantage,1,0,1
aiactually,1,0,1
aiactivitie,1,0,1
aiaccordingly,1,0,1
agornddepolitikfunf,1,0,1
agora,1,0,1
agonythe,1,0,1
agonow,1,0,1
agohave,1,0,1
agocitie,1,0,1
agoat,1,0,1
agnostically,1,0,1
agithe,1,0,1
agitate,1,0,1
agism,1,0,1
aggregation,1,0,1
agglomeration,1,0,1
aggif,1,0,1
ageunder,1,0,1
agronomist,1,0,1
agst,1,0,1
agvolution,1,0,1
ahollmer,1,0,1
aiabove,1,0,1
ai541,1,0,1
ahuja,1,0,1
ahrens,1,0,1
ahr0chm6ly93cuz2xllmnvbs8,1,0,1
ahoy,1,0,1
ahmet,1,0,1
ah,1,0,1
ahmed,1,0,1
ahmad,1,0,1
ahm,1,0,1
ahistorical,1,0,1
ahhs,1,0,1
ahab,1,0,1
aitogether,1,0,1
aitom,1,0,1
aitopic,1,0,1
andimmediately,1,0,1
andeven,1,0,1
anderswohin,1,0,1
andershaus,1,0,1
ande,1,0,1
anddust,1,0,1
anddesign,1,0,1
anddefense,1,0,1
anddecision,1,0,1
andcreate,1,0,1
andcontain,1,0,1
andconfirme,1,0,1
andcommunicate,1,0,1
andcome,1,0,1
andbut,1,0,1
andbecause,1,0,1
andhurriedly,1,0,1
andios,1,0,1
andstudy,1,0,1
andit,1,0,1
andstill,1,0,1
andssey,1,0,1
andsome,1,0,1
andshortly,1,0,1
andsafety,1,0,1
andrzej,1,0,1
andrs,1,0,1
androids,1,0,1
andpolitics,1,0,1
andpersecution,1,0,1
andon,1,0,1
andnetworaing,1,0,1
andmicrosoft,1,0,1
andmental,1,0,1
andmarketing,1,0,1
andavailable,1,0,1
andat,1,0,1
andare,1,0,1
andanswers,1,0,1
amusement,1,0,1
amundi,1,0,1
amto,1,0,1
amsive,1,0,1
amplitude,1,0,1
amplication,1,0,1
amphitheatre,1,0,1
amphibian,1,0,1
ampezzo,1,0,1
ampel,1,0,1
amos,1,0,1
amor,1,0,1
amopen,1,0,1
amon,1,0,1
amkoalition,1,0,1
amyotrophic,1,0,1
analyst1,1,0,1
analysts,1,0,1
ancestral,1,0,1
andand,1,0,1
andalso,1,0,1
andallergology,1,0,1
anda,1,0,1
anchorman,1,0,1
anchoring,1,0,1
ancesse,1,0,1
analyzesso,1,0,1
ance,1,0,1
anatsui,1,0,1
anatolij,1,0,1
anatol,1,0,1
anarcho,1,0,1
anarchists,1,0,1
andstrike,1,0,1
andtheir,1,0,1
aitrischler,1,0,1
antagonistically,1,0,1
answeryou,1,0,1
answerssuggest,1,0,1
answersmake,1,0,1
answersafterwards,1,0,1
answers1,1,0,1
answers,1,0,1
answeringis,1,0,1
answerer,1,0,1
answered,1,0,1
anson,1,0,1
anshern,1,0,1
ansgar,1,0,1
ansetz,1,0,1
anschlag,1,0,1
anorexia,1,0,1
antagonist,1,0,1
anteroom,1,0,1
anduse,1,0,1
anthem,1,0,1
anybody,1,0,1
anurag,1,0,1
antwerp,1,0,1
antulov,1,0,1
antonia,1,0,1
antoni,1,0,1
antivirus,1,0,1
antique,1,0,1
antiplagiator,1,0,1
antimicrobial,1,0,1
antimatter,1,0,1
antihumanism,1,0,1
antibiotikaf,1,0,1
antibiotahtml,1,0,1
anthrpo,1,0,1
anooshay,1,0,1
anonther,1,0,1
anomic,1,0,1
announced100,1,0,1
anil,1,0,1
anii,1,0,1
anica,1,0,1
ani,1,0,1
anhropic,1,0,1
angus,1,0,1
angrily,1,0,1
angriff,1,0,1
anglicisms,1,0,1
angler,1,0,1
angelus,1,0,1
angelina,1,0,1
angelika,1,0,1
angelamerkel,1,0,1
anesthesia,1,0,1
animalsthe,1,0,1
animated,1,0,1
animatronic,1,0,1
annett,1,0,1
announced,1,0,1
annotator,1,0,1
annotation,0,1,1
annie,1,0,1
annexe,1,0,1
annexation,1,0,1
annemarie,1,0,1
animism,1,0,1
ankle,1,0,1
ankara,1,0,1
anjolie,1,0,1
anitta,1,0,1
anita,1,0,1
animistic,1,0,1
amitai,1,0,1
amicably,1,0,1
amherst,1,0,1
alibabas,1,0,1
algorithmswork,1,0,1
algorithmean,1,0,1
algorithe,1,0,1
algae,1,0,1
alfie,1,0,1
alfa,1,0,1
alexas,1,0,1
alexandrinenstrae,1,0,1
aleksandra,1,0,1
alejandro,1,0,1
alec,1,0,1
alea,1,0,1
aldo,1,0,1
alchemist,1,0,1
albus,1,0,1
algorithmus,1,0,1
alibly,1,0,1
amethysten,1,0,1
alienated,1,0,1
allendorf,1,0,1
allegra,1,0,1
allegory,1,0,1
allartificial,1,0,1
allah,1,0,1
alla,1,0,1
all3media,1,0,1
all150000,1,0,1
alissa,1,0,1
alisha,1,0,1
alisa,1,0,1
alingment,1,0,1
aline,1,0,1
alike,1,0,1
alif,1,0,1
albumcover,1,0,1
albtraum,1,0,1
alberto,1,0,1
albayrak,1,0,1
aiwwwthevergecom2023123546144,1,0,1
aiwould,1,0,1
aiwhile,1,0,1
aiwhich,1,0,1
aiwhen,1,0,1
aiwell,1,0,1
aiwas,1,0,1
aiwangers,1,0,1
aiuse,1,0,1
aiunfortunately,1,0,1
aiunder,1,0,1
aiultimately,1,0,1
aitzbhel,1,0,1
aitwo,1,0,1
aittens,1,0,1
aiyes,1,0,1
aiz,1,0,1
aizeit,1,0,1
alabama,1,0,1
alban,1,0,1
albak,1,0,1
alarmism,1,0,1
alare,1,0,1
alameda,1,0,1
aladin,1,0,1
aktuell,1,0,1
aizentinel,1,0,1
aktivist,1,0,1
aktbb53nqgflznhuutmwgiyhqvmhtml,1,0,1
akt,1,0,1
aklunky,1,0,1
ajder,1,0,1
ajax,1,0,1
allergology,1,0,1
alles,1,0,1
allhappen,1,0,1
alternativewant,1,0,1
alwaysund,1,0,1
alwaysshould,1,0,1
alwaysbecame,1,0,1
alwaysalso,1,0,1
alvin,1,0,1
alucard,1,0,1
alttte,1,0,1
altruist,1,0,1
altruism,1,0,1
altknig,1,0,1
altitus,0,1,1
altinoglu,1,0,1
althusmann,1,0,1
althen,1,0,1
althamer,1,0,1
alwill,1,0,1
alzheimers,1,0,1
amadeus,1,0,1
ambitiously,1,0,1
americas,1,0,1
amelie,1,0,1
amda,1,0,1
amcham,1,0,1
ambulance,1,0,1
ambrish,1,0,1
ambience,1,0,1
amalgam,1,0,1
amazedthat,1,0,1
amaya,1,0,1
amat,1,0,1
amann,1,0,1
aman,1,0,1
amalgamation,1,0,1
altertative,1,0,1
alternativesupposedly,1,0,1
allieswith,1,0,1
altenkunstadt,1,0,1
alonso,1,0,1
alon,1,0,1
aloa,1,0,1
almost5,1,0,1
almendralo,1,0,1
almendralejo,1,0,1
alm,1,0,1
allworks,1,0,1
allwith,1,0,1
allwe,1,0,1
allprachenat,1,0,1
allowedjust,1,0,1
allowed,1,0,1
allocate,1,0,1
allmende,1,0,1
alp,1,0,1
alpalpold,1,0,1
alpes,1,0,1
alsobecause,1,0,1
alstyne,1,0,1
alssaindgerecht,1,0,1
alspacevr,1,0,1
alsothe,1,0,1
alsointeraction,1,0,1
alsocome,1,0,1
alright,1,0,1
alphafold2alphafold2,1,0,1
alreadywere,1,0,1
alreadyinstalle,1,0,1
alreadydo,1,0,1
alreadydifferent,1,0,1
alphie,1,0,1
alphasor,1,0,1
eumichle,1,0,1
euopenai,1,0,1
percent74,1,0,1
mainzer,1,0,1
mainstay,1,0,1
mainland,1,0,1
mailto,1,0,1
maifeld,1,0,1
maidan,1,0,1
mahner,1,0,1
mahmud,1,0,1
mahlstadt,1,0,1
mahershala,1,0,1
mah,1,0,1
magrabi,1,0,1
magnus,1,0,1
magnon,1,0,1
magnification,1,0,1
magnetism,1,0,1
mainstreaming,1,0,1
mainzers,1,0,1
manabe,1,0,1
maischberger,1,0,1
mammadov,1,0,1
maltreat,1,0,1
malm,1,0,1
malizous,1,0,1
maliaitic,1,0,1
malfoy,1,0,1
malek,1,0,1
malcolm,1,0,1
malayalam,1,0,1
malaviya,1,0,1
malala,1,0,1
makake,1,0,1
majestically,1,0,1
majel,1,0,1
maisel,1,0,1
magnetically,1,0,1
magnant,1,0,1
magister,1,0,1
magischer,1,0,1
macromodus,1,0,1
macro,1,0,1
macosin,1,0,1
macon,1,0,1
macintosh,1,0,1
machowecz,1,0,1
machining,1,0,1
machineof,1,0,1
machinelearning,1,0,1
machinelearne,1,0,1
machine20,1,0,1
machie,1,0,1
machi,1,0,1
macbooks,1,0,1
macaulay,1,0,1
macromolecule,1,0,1
macrumors,1,0,1
macs,1,0,1
magazins,1,0,1
magi,1,0,1
maggiori,1,0,1
maggie,1,0,1
magentatv,1,0,1
magentacloud,1,0,1
magda,1,0,1
mafia,1,0,1
madagascar,1,0,1
mafaalani,1,0,1
maedchen,1,0,1
madle,1,0,1
madig,1,0,1
madeaske,1,0,1
madame,1,0,1
mammothic,1,0,1
managementat,1,0,1
macaque,1,0,1
maren,1,0,1
mard,1,0,1
marcuse,1,0,1
marchregistered,1,0,1
marching,1,0,1
marchapproach,1,0,1
marcelo,1,0,1
marburger,1,0,1
marburgdelokalesmarburg,1,0,1
maraie,1,0,1
mar,1,0,1
manyuser,1,0,1
manytpu,1,0,1
manythere,1,0,1
manyk,1,0,1
manyika,1,0,1
marder,1,0,1
margarete,1,0,1
managers,1,0,1
marge,1,0,1
marketplaces,1,0,1
marketcould,1,0,1
markers,1,0,1
marjorie,1,0,1
mariya,1,0,1
mariupol,1,0,1
maritimes,1,0,1
maritime,1,0,1
marino,1,0,1
marinella,1,0,1
marina,1,0,1
marieke,1,0,1
mariana,1,0,1
margrete,1,0,1
marginally,1,0,1
manycontroversial,1,0,1
manycan,1,0,1
manure,1,0,1
manto,1,0,1
manipulable,1,0,1
manipulability,1,0,1
manila,1,0,1
manifesto,1,0,1
manifest,1,0,1
maniac,1,0,1
mania,1,0,1
mangler,1,0,1
mangas,1,0,1
mandy,1,0,1
mandistinguishe,1,0,1
mandelbrot,1,0,1
mand,1,0,1
manah,1,0,1
managersa,1,0,1
manipulationswere,1,0,1
manipulator,1,0,1
manja,1,0,1
mans,1,0,1
mantastisch,1,0,1
mantarochet,1,0,1
mansuetti,1,0,1
mansion,1,0,1
mansell,1,0,1
manschgerl,1,0,1
manpower,1,0,1
manjiri,1,0,1
mannus,1,0,1
mannered,1,0,1
mannequin,1,0,1
manned,1,0,1
mankt,1,0,1
manjoo,1,0,1
macasaill,1,0,1
macaie,1,0,1
liquidate,1,0,1
longmisse,1,0,1
longerout,1,0,1
longboard,1,0,1
loner,1,0,1
lone,1,0,1
londoner,1,0,1
loll,1,0,1
lola,1,0,1
loibl,1,0,1
lohnlohn,1,0,1
logsbingcom,1,0,1
logrobloxcom2022,1,0,1
logowe,1,0,1
logogram,1,0,1
lognose,1,0,1
loggooglentl,1,0,1
longlist,1,0,1
longtermism,1,0,1
lotte,1,0,1
longtermisten,1,0,1
lothar,1,0,1
lotera,1,0,1
lossrather,1,0,1
loss72,1,0,1
lorenzo,1,0,1
loren,1,0,1
lords,1,0,1
lopez,1,0,1
looting,1,0,1
looser,1,0,1
loosely,1,0,1
loopt,1,0,1
loophole,1,0,1
loopamusmenandroiden,1,0,1
looked,1,0,1
logcheckpointcom202313,1,0,1
loew,1,0,1
lodge,1,0,1
locitie,1,0,1
liveoperation,1,0,1
livellich,1,0,1
liturgy,1,0,1
littleresource,1,0,1
littlehave,1,0,1
littlebetter,1,0,1
litter,1,0,1
litographic,1,0,1
litigation,1,0,1
literality,1,0,1
lite,1,0,1
listed,1,0,1
lisbtt,1,0,1
lisbon,1,0,1
lis,1,0,1
lives,1,0,1
lizard,1,0,1
lizzo,1,0,1
lmis,1,0,1
locality,1,0,1
lobbys,1,0,1
loathe,1,0,1
loaded,1,0,1
lno,1,0,1
lni,1,0,1
lm,1,0,1
ljubica,1,0,1
llp,1,0,1
lloyd,1,0,1
llmit,1,0,1
llcas,1,0,1
llcaltman,1,0,1
llama2,1,0,1
lots,0,1,1
lottergeist,1,0,1
maassen,1,0,1
lvi,1,0,1
lux,1,0,1
lutteroth,1,0,1
lustgarten,1,0,1
lustfully,1,0,1
lusin,1,0,1
lusat,1,0,1
lurid,1,0,1
lungshungs,1,0,1
lungsand,1,0,1
lundthe,1,0,1
lundering,1,0,1
lunchdisely,1,0,1
lumnion,1,0,1
luminate,1,0,1
lumina,1,0,1
luxe,1,0,1
lvl,1,0,1
lotus,1,0,1
lvmh,1,0,1
m4,1,0,1
lysozyme,1,0,1
lysozym,1,0,1
lysocym,1,0,1
lyrically,1,0,1
lyrical,1,0,1
lyotard,1,0,1
lyons,1,0,1
lynxight,1,0,1
lyndon,1,0,1
lymph,1,0,1
lycos,1,0,1
lwscolleague,1,0,1
lwenthal,1,0,1
lwen,1,0,1
lumiar,1,0,1
lumet,1,0,1
lumberjack,1,0,1
lullaby,1,0,1
lsc,1,0,1
loya,1,0,1
lows,1,0,1
lowerer,1,0,1
lovis,1,0,1
loves,1,0,1
lovemake,1,0,1
lovelessly,1,0,1
lovelace,1,0,1
lovecraftsche,1,0,1
lovecraft,1,0,1
lovato,1,0,1
lovable,1,0,1
louise,1,0,1
louie,1,0,1
lschersuche,1,0,1
lsdokg3j6fhhhhgwo2ao4yihtml,1,0,1
lsjbot,1,0,1
luisa,1,0,1
lulatsch,1,0,1
lukeman,1,0,1
lukashenko,1,0,1
lukaschenkos,1,0,1
lukaschenko,1,0,1
lukasairche,1,0,1
lugn,1,0,1
lt,1,0,1
lufticus,1,0,1
luftbrcke,1,0,1
lucid,1,0,1
lubricant,1,0,1
ltpo,1,0,1
ltdhave,1,0,1
marketwatch,1,0,1
markschies,1,0,1
marktchnews2022,1,0,1
meshed,1,0,1
merthlas,1,0,1
mersinger,1,0,1
mermin,1,0,1
merlin,1,0,1
merle,1,0,1
merkle,1,0,1
merk,1,0,1
meremen,1,0,1
mercogram,1,0,1
mercer,1,0,1
mercenarie,1,0,1
mercedesz,1,0,1
mercadolibre,1,0,1
meraviglia,1,0,1
merative,1,0,1
mescal,1,0,1
meshtastic,1,0,1
metropolitan,1,0,1
mesopotamia,1,0,1
methodical,1,0,1
methanol,1,0,1
meters20,1,0,1
metavers,1,0,1
metastatic,1,0,1
metastasis,1,0,1
metasfor,1,0,1
metapoison,1,0,1
metaphysics,1,0,1
metamoguln,1,0,1
messod,1,0,1
messiah,1,0,1
messaging,1,0,1
messages,1,0,1
messagecan,1,0,1
mer,1,0,1
mequitta,1,0,1
meon,1,0,1
meo,1,0,1
membersjust,1,0,1
meltdown,1,0,1
meloni,1,0,1
melon,1,0,1
melodious,1,0,1
melksham,1,0,1
melcher,1,0,1
melania,1,0,1
melancholic,1,0,1
meituan,1,0,1
meist,1,0,1
meinold,1,0,1
meinmagenta,1,0,1
meinecke,1,0,1
meilen,1,0,1
membersstill,1,0,1
memento,1,0,1
memorials,1,0,1
mennen,1,0,1
menzecew,1,0,1
mentioned,1,0,1
mentalism,1,0,1
ment,1,0,1
menschliche,1,0,1
mensae,1,0,1
menlo,1,0,1
memorization,1,0,1
meningitis,1,0,1
mengele,1,0,1
mendgen,1,0,1
mems,1,0,1
memorizing,1,0,1
memorized,1,0,1
methodically,1,0,1
metta,1,0,1
markthaler,1,0,1
milenstein,1,0,1
mildred,1,0,1
mildly,1,0,1
milbertshofen,1,0,1
milatovic,1,0,1
milan,1,0,1
milagros,1,0,1
mila,1,0,1
miku,1,0,1
mikrophone,1,0,1
mikkelsen,1,0,1
mikael,1,0,1
mightness,1,0,1
midjourneyai,1,0,1
midday,1,0,1
midcult,0,1,1
mileage,1,0,1
milion,1,0,1
metuktire,1,0,1
milionarie,1,0,1
mimikamas,1,0,1
mimikama,1,0,1
mimicry,1,0,1
milo,1,0,1
millionth,1,0,1
millions,1,0,1
millionmotif,1,0,1
millioninstagram,1,0,1
milliardenprojekt,1,0,1
milliardaer,1,0,1
milkmaid,1,0,1
milked,1,0,1
militarization,1,0,1
militarist,1,0,1
militaerpraesenz,1,0,1
microwave,1,0,1
microtata,1,0,1
microtacie,1,0,1
microsystems,1,0,1
miceli,1,0,1
mi5,1,0,1
mi300x,1,0,1
mi300,1,0,1
mhlhoff,1,0,1
mhlhausen,1,0,1
mhle,1,0,1
mhjtixn6bg6bet4topygbwvpehtml,1,0,1
mgm,1,0,1
mgi,1,0,1
mfa,1,0,1
meyou,1,0,1
mexicoexclude,1,0,1
metzingen,1,0,1
metz,1,0,1
michaelis,1,0,1
michahelles,1,0,1
michal,1,0,1
microelectrode,1,0,1
microplasty,1,0,1
microparticle,1,0,1
micrometer,1,0,1
micromechanical,1,0,1
microgenre,1,0,1
microelectronic,1,0,1
microclimate,1,0,1
michele,1,0,1
microblogge,1,0,1
microbe,1,0,1
mickey,1,0,1
michio,1,0,1
michigan,1,0,1
michels,1,0,1
mehr,1,0,1
megvii,1,0,1
megathema,1,0,1
mathieu,1,0,1
matheon,1,0,1
mathenot,1,0,1
mathematize,1,0,1
mathematis,1,0,1
mathematicians,1,0,1
matey,1,0,1
maternity,1,0,1
materialinside,1,0,1
mateo,1,0,1
matching,1,0,1
masturbation,1,0,1
mastodonusercount,1,0,1
mastodone,1,0,1
masters,1,0,1
masterpieces,1,0,1
mather,1,0,1
mathilde,1,0,1
megan,1,0,1
mathys,1,0,1
mauz,1,0,1
maus,1,0,1
maurits,1,0,1
maurice,1,0,1
maura,1,0,1
mauna,1,0,1
maumaus,1,0,1
mau,1,0,1
maturation,1,0,1
matts,1,0,1
mattress,1,0,1
mattnovak202326,1,0,1
matthus,1,0,1
matthe,1,0,1
matinee,1,0,1
masterly,1,0,1
masterfully,1,0,1
mastered,1,0,1
massifly,1,0,1
martina,1,0,1
marteimer,1,0,1
marsstein,1,0,1
marsian,1,0,1
marshal,1,0,1
marsden,1,0,1
marriate,1,0,1
marple,1,0,1
maronis,1,0,1
maroldt,1,0,1
marmarameer,1,0,1
marlne,1,0,1
marley,1,0,1
marl,1,0,1
markusplatz,1,0,1
martine,1,0,1
martinrentzsch,1,0,1
martn,1,0,1
mashable,1,0,1
massif,1,0,1
massakerinisrain,1,0,1
massacre,1,0,1
masonry,1,0,1
masochistic,1,0,1
maslow,1,0,1
maschinozene,1,0,1
marvelous,1,0,1
maschinensimsalabim,1,0,1
maschinele,1,0,1
masailyne,1,0,1
marzahn,1,0,1
marxism,1,0,1
marwede,1,0,1
maxar,1,0,1
maximener,1,0,1
maximier,1,0,1
meadowcrafts,1,0,1
medialize,1,0,1
medialifultion40f27f0661b839fa475f538c19fa59,1,0,1
media2,1,0,1
medea,1,0,1
medcial,1,0,1
mecoming,1,0,1
mechatronic,1,0,1
mechanicality,1,0,1
measurably,1,0,1
measurablemake,1,0,1
mearing,1,0,1
meansyoucom,1,0,1
meansflood,1,0,1
meanness,1,0,1
meand,1,0,1
mediaobjects4159820195693moesm1pdf,1,0,1
medic,1,0,1
medicationbiotxai,1,0,1
medley,1,0,1
megalopolis,1,0,1
megalomaniac,1,0,1
megaerdquake,1,0,1
meg,1,0,1
meetup,1,0,1
meerkat,1,0,1
meditopia,1,0,1
medicationexam,0,1,1
meditec,1,0,1
medieval,1,0,1
mediengruppe,1,0,1
medienfter,1,0,1
medicinepublication,1,0,1
medicinehe,1,0,1
meaghan,1,0,1
mead,1,0,1
maximowa,1,0,1
mdvbundde,1,0,1
mcavoy,1,0,1
mbluh,1,0,1
mbhfrom,1,0,1
mbh,1,0,1
mbe,1,0,1
mbaden,1,0,1
mb,1,0,1
mazzoleni,1,0,1
mazie,1,0,1
maze,1,0,1
maz,1,0,1
maynard,1,0,1
mayap,1,0,1
mayank,1,0,1
maxwell,1,0,1
mcbride,1,0,1
mccaffey,1,0,1
mccarten,1,0,1
mcluhan,1,0,1
mdsiaccorde,1,0,1
mde,1,0,1
mdax,1,0,1
mcquarrie,1,0,1
mcquarie,1,0,1
mcmlbut,1,0,1
mclaren,1,0,1
mccartneys,1,0,1
mckracken,1,0,1
mckays,1,0,1
mcgregor,1,0,1
mcgrath,1,0,1
mcgill,1,0,1
mcevoy,1,0,1
liquidator,1,0,1
liquefy,1,0,1
minal,1,0,1
koen,1,0,1
koelen,1,0,1
koegst,1,0,1
kodachrome,1,0,1
kochi,1,0,1
kochava,1,0,1
kobold,1,0,1
koalition,1,0,1
koala,1,0,1
knut,1,0,1
knownwas,1,0,1
knownpreviously,1,0,1
knownot,1,0,1
knowno,1,0,1
knowledgethat,1,0,1
knowing,1,0,1
koeln,1,0,1
koenhtml,1,0,1
konashher,1,0,1
kogelnik,1,0,1
kommunikation,1,0,1
kommt,1,0,1
komatic,1,0,1
kolumnist,1,0,1
kolumn,0,1,1
kolportage,1,0,1
koller,1,0,1
kollegin,1,0,1
kolinsai,1,0,1
kolbes,1,0,1
kolb,1,0,1
kokeshi,1,0,1
kohlberg,1,0,1
kogonadas,1,0,1
kognitive,1,0,1
knowbotiq,1,0,1
knotting,1,0,1
knopf,1,0,1
knop,1,0,1
knaack,1,0,1
kmpf,1,0,1
kluwer,1,0,1
klum,1,0,1
kltzchengrafik,1,0,1
klsch,0,1,1
klor,1,0,1
klmmxgtxq1y,1,0,1
klling,1,0,1
klitschkostill,1,0,1
klischko,1,0,1
klippenalpe,1,0,1
klinikumevb,1,0,1
klinikum,1,0,1
klinik,1,0,1
knallig,1,0,1
knds,1,0,1
knead,1,0,1
knighthood,1,0,1
knoll,1,0,1
knocked,1,0,1
knner,1,0,1
knne,1,0,1
knirsch,1,0,1
knigshaus,1,0,1
kniggrtz,1,0,1
kneel,1,0,1
knig,1,0,1
kniend,1,0,1
kniegelenk,1,0,1
knewfor,1,0,1
knelt,1,0,1
knees,1,0,1
konasheher,1,0,1
kondo,1,0,1
klimakonferenz,1,0,1
krogmann,1,0,1
krlov,1,0,1
kriterxxlyc7c3jelpok2ruexzm5c4html,1,0,1
krista,1,0,1
kris,1,0,1
krinzinger,1,0,1
kriminalitaet,1,0,1
krieger,1,0,1
krgel,1,0,1
kreutzer,1,0,1
kreuter,1,0,1
kretsch,1,0,1
kremlchef,1,0,1
kreml,1,0,1
kreis,1,0,1
kreier,1,0,1
krner,1,0,1
kronach,1,0,1
konjer,1,0,1
kronberg,1,0,1
kuenft,1,0,1
kuendigt,1,0,1
kube,1,0,1
kubacka,1,0,1
ktkkwd7ipnawlfhftewjangu64html,1,0,1
kstner,1,0,1
ksesptzle,1,0,1
ksavera,1,0,1
ks,1,0,1
krugman,1,0,1
krugerrand,1,0,1
krsmann,1,0,1
kroth,1,0,1
kroos,1,0,1
kronberger,1,0,1
krefeld,1,0,1
krebs,0,1,1
kravis,1,0,1
krassen,1,0,1
kostolany,1,0,1
kostic,1,0,1
kosmos,1,0,1
kosmas,1,0,1
kosinsaifrom,1,0,1
kortenkamp,1,0,1
korn,1,0,1
koreans,1,0,1
kordel,1,0,1
korbinian,1,0,1
koran,1,0,1
kopelke,1,0,1
koons,1,0,1
konzippert,1,0,1
konya,1,0,1
koto,1,0,1
kottmann,1,0,1
kounev,1,0,1
krake,1,0,1
krass,1,0,1
krapfen,1,0,1
kranzlmller,1,0,1
krankl,1,0,1
krankenversicherungs,1,0,1
krankenhaus,1,0,1
krais,1,0,1
kp,1,0,1
kraft,1,0,1
kqbzcz34ondmnfuxuetus2ymqyhtml,1,0,1
kppers,1,0,1
kppen,1,0,1
kpmg,1,0,1
kpch,1,0,1
klingonian,1,0,1
kliattchko,1,0,1
lipstick,1,0,1
karlmeier,1,0,1
kardashian,1,0,1
kard,1,0,1
karao,1,0,1
karabach,1,0,1
kansas,1,0,1
kannada,1,0,1
kanjis,1,0,1
kang,1,0,1
kance,1,0,1
kampf,1,0,1
kammerspiele,1,0,1
kamikaze,1,0,1
kameras,1,0,1
kaltheuner,1,0,1
kallenborn,1,0,1
kargu,1,0,1
karls,1,0,1
kaufregional,1,0,1
karlsfeld,1,0,1
katy,1,0,1
katteb,1,0,1
katsani,1,0,1
katha,1,0,1
kassler,1,0,1
kassandra,1,0,1
kasprzyk,1,0,1
kashmir,1,0,1
kary,1,0,1
karting,1,0,1
karten,1,0,1
karsten,1,0,1
karstadt,1,0,1
karpow,1,0,1
karmesin,1,0,1
kalibr,1,0,1
kalauer,1,0,1
kaku,1,0,1
kaiserin,1,0,1
justifiably,1,0,1
justetf,1,0,1
jussef,1,0,1
juso,1,0,1
jupiter,1,0,1
junky,1,0,1
junipero,1,0,1
juni,1,0,1
junghofstrasse,1,0,1
jungfrau,1,0,1
junge,1,0,1
junefor,1,0,1
junecall,1,0,1
junction,1,0,1
junaie,1,0,1
justine,1,0,1
justiz,0,1,1
jutrczenka,1,0,1
kackstile,1,0,1
kaikai,1,0,1
kaian,1,0,1
kahlo,1,0,1
kagthere,1,0,1
kaggle,1,0,1
kaftanschnaken,1,0,1
kabul,1,0,1
jutta,1,0,1
kabischfrom,1,0,1
k6gq7akgarxbgywqq4hmkx47qhtml,1,0,1
jwst,1,0,1
jwgiujpgarhxza375zjn3a3a5yhtml,1,0,1
jvdbstudios,1,0,1
juwels,1,0,1
kauf,1,0,1
kayas,1,0,1
kliangko,1,0,1
klappergass,1,0,1
klage,1,0,1
klaatu,1,0,1
klaas,1,0,1
kl,1,0,1
khuon,1,0,1
khren,1,0,1
khor,1,0,1
khne,1,0,1
khn,1,0,1
khling,1,0,1
khalil,1,0,1
kgv,1,0,1
kgb,1,0,1
kgailg9q3zkwaeyxqmrva,1,0,1
kg,1,0,1
klamme,1,0,1
klarmann,1,0,1
kays,1,0,1
klassische,1,0,1
kliangchko,1,0,1
klger,1,0,1
klemm,1,0,1
kleist,1,0,1
kleis,1,0,1
kleinwchter,1,0,1
kleinstdorf,1,0,1
kleinfeldchen,1,0,1
kleinert,1,0,1
kleffner,1,0,1
klee,1,0,1
kleber,1,0,1
kle,1,0,1
klausi,1,0,1
klatt,1,0,1
keys,1,0,1
keyframe,1,0,1
keyboardis,1,0,1
kettemann,1,0,1
kell,1,0,1
keko,1,0,1
keinohrhasen,1,0,1
kein,1,0,1
kehm,1,0,1
kehlmann,1,0,1
keeps,1,0,1
keegan,1,0,1
keck,1,0,1
keating,1,0,1
kea,1,0,1
ke,1,0,1
kchmeister,1,0,1
kazuo,1,0,1
kazan,1,0,1
kellyman,1,0,1
kelt,1,0,1
kemp,1,0,1
kerouac,1,0,1
ketteler,1,0,1
ketone,1,0,1
ketan,1,0,1
ketamine,1,0,1
kerstin,1,0,1
kerr,1,0,1
kernnt,1,0,1
kenfm,1,0,1
kerken,1,0,1
kerepeszai,1,0,1
kerala,1,0,1
kept,1,0,1
kenneth,1,0,1
kenna,1,0,1
kuenstlicher,1,0,1
kuhlen,1,0,1
kulturbhne,1,0,1
leuchtpielhaus,1,0,1
letsche,1,0,1
lethargic,1,0,1
letbauer,1,0,1
lesion,1,0,1
leschs,1,0,1
lescano,1,0,1
lesbeschrankungen,1,0,1
leroy,1,0,1
ler,1,0,1
lepenies,1,0,1
leopard,1,0,1
leone,1,0,1
leon,1,0,1
leolm,1,0,1
leo,1,0,1
letterboxd,1,0,1
leuchtspielhaus,1,0,1
librettist,1,0,1
levelcreatility,1,0,1
liberating,1,0,1
liberate,1,0,1
liat,1,0,1
lianmo,1,0,1
liaison,1,0,1
lhrmann,1,0,1
lhen,1,0,1
lgorithmwatchorg,1,0,1
lgbtqiatopic,1,0,1
lfw,1,0,1
lexington,1,0,1
lew,1,0,1
leviathan,1,0,1
leverkuseners,1,0,1
leverkusen,1,0,1
lenovo,1,0,1
lenny,1,0,1
lennons,1,0,1
lenharo,1,0,1
legislate,1,0,1
lege,1,0,1
leela,1,0,1
ledger,1,0,1
lederhosen,1,0,1
leden,1,0,1
lectors,1,0,1
lector,1,0,1
leckey,1,0,1
lecken,1,0,1
lecinsai,1,0,1
lechhauser,1,0,1
lec,1,0,1
lebt,1,0,1
lebou,1,0,1
legitimacy,1,0,1
legitimately,1,0,1
legitimation,1,0,1
lelerndialog,1,0,1
lener,1,0,1
lender,1,0,1
lemongrass,1,0,1
lemoines,1,0,1
lemebauer,1,0,1
lembkes,1,0,1
leiwen,1,0,1
legoist,1,0,1
leitindex,1,0,1
leitgeb,1,0,1
leiss,1,0,1
leine,1,0,1
leifiphysic,1,0,1
leiden,1,0,1
libertarian,1,0,1
libretto,1,0,1
kumpf,1,0,1
lineyou,1,0,1
lindnern,1,0,1
lindmeier,1,0,1
linders,1,0,1
linde,1,0,1
lincoln,1,0,1
lina,1,0,1
limpthe,1,0,1
limpand,1,0,1
limitedly,1,0,1
limitationand,1,0,1
limelight,1,0,1
limbach,1,0,1
lilian,1,0,1
lili,1,0,1
lilac,1,0,1
linewould,1,0,1
linger,1,0,1
licens,1,0,1
lingerie,1,0,1
lippstadt,1,0,1
lippert,1,0,1
lipacis,1,0,1
lionsgate,1,0,1
lionel,1,0,1
linseed,1,0,1
linsee,1,0,1
linnea,1,0,1
linkage,1,0,1
linkability,1,0,1
linhardt,1,0,1
linguistics,1,0,1
linguisticallyto,1,0,1
lingue,1,0,1
lingjiao,1,0,1
lila,1,0,1
likelyis,1,0,1
likea,1,0,1
like80,1,0,1
lieselotte,1,0,1
liege,1,0,1
liechtenstein,1,0,1
liebreich,1,0,1
liebherr,1,0,1
liebestoll,1,0,1
liebeskomoedie,1,0,1
lieben,1,0,1
lido,1,0,1
lid,1,0,1
licorice,1,0,1
lick,1,0,1
licensesthat,1,0,1
licensestand,1,0,1
licensesfor,1,0,1
liesthat,1,0,1
lieutenant,1,0,1
liever,1,0,1
lighten,1,0,1
lihotzky,1,0,1
lightyear,1,0,1
lightweight,1,0,1
lightness,1,0,1
lightly,1,0,1
lightfield,1,0,1
liga,1,0,1
lifecan,1,0,1
lifter,1,0,1
lifi,1,0,1
lifeuser,1,0,1
lifespan,1,0,1
lifein,1,0,1
lifedevelope,1,0,1
lebenshilfe,1,0,1
leavesdisconnect,1,0,1
leavers,1,0,1
lan,1,0,1
lammer,1,0,1
lametti,1,0,1
lambrecht,1,0,1
lakemeyer,1,0,1
laith,1,0,1
lai,1,0,1
laguagetool,1,0,1
laguage,1,0,1
lagrande,1,0,1
lagging,1,0,1
ladycan,1,0,1
ladik,1,0,1
lacoste,1,0,1
laconic,1,0,1
laconfidential,1,0,1
lamonica,1,0,1
lance,1,0,1
leaver,1,0,1
lancet,1,0,1
langenegger,1,0,1
lange,1,0,1
lang,1,0,1
landtag,1,0,1
landstrasse,1,0,1
landshut,1,0,1
landschek,1,0,1
landscapecompanie,1,0,1
landsberger,1,0,1
landrut,1,0,1
landlust,1,0,1
landlords,1,0,1
landkreis,0,1,1
landesbank,1,0,1
landert,1,0,1
lacked,1,0,1
lachen,1,0,1
laby,1,0,1
labour,1,0,1
kurschus,1,0,1
kurfrstendamm,1,0,1
kupon,1,0,1
kunzes,1,0,1
kunternt,1,0,1
kunststofftechnik,1,0,1
kunstpalast,1,0,1
kunstlabor,1,0,1
kunstkreis,1,0,1
kunstjury,1,0,1
kunstgeschichte,1,0,1
kunica,1,0,1
kundschaft,1,0,1
kunden,1,0,1
kund,1,0,1
kurtzman,1,0,1
kurzvideo,1,0,1
kusama,1,0,1
laa,1,0,1
laborious,1,0,1
labore,1,0,1
laboratories,1,0,1
laber,1,0,1
laatzenmore,1,0,1
laatzen,1,0,1
kyoto,1,0,1
kush,1,0,1
kyncl,1,0,1
kybernetikers,1,0,1
kybernetic,1,0,1
kx3irib6f5ruxgpty3iklgps4html,1,0,1
kwebbelkops,1,0,1
kuwaiti,1,0,1
langstadt,1,0,1
languagetoolorgnsights,1,0,1
langweid,1,0,1
laws,1,0,1
leadthe,1,0,1
leaders202313,1,0,1
leaders20230413,1,0,1
ldp,1,0,1
ldm,1,0,1
lcf2xlqyufolpgmbglkx26yfmhtml,1,0,1
lc4ky3mz6feilcl7uo6dwhq,1,0,1
lbma,1,0,1
lazarew,1,0,1
laypersonsstill,1,0,1
layper,1,0,1
laypeople,1,0,1
layla,1,0,1
layersmight,1,0,1
laxe,1,0,1
leagas,1,0,1
leaked,1,0,1
leandros,1,0,1
leary,1,0,1
leavage,1,0,1
leaues,1,0,1
leastsomeone,1,0,1
leastdubious,1,0,1
leasing,1,0,1
lease,1,0,1
learnscan,1,0,1
leanix,1,0,1
learningto,1,0,1
learningladder,1,0,1
learningand,1,0,1
learnin,1,0,1
leapp,1,0,1
leans,1,0,1
lawyat,1,0,1
lawmaker,1,0,1
lansdown,1,0,1
lavrov,1,0,1
laterdone,1,0,1
lasting,1,0,1
lasthas,1,0,1
lashana,1,0,1
lasern,1,0,1
larva,1,0,1
larsson,1,0,1
larger,1,0,1
largelanguage,1,0,1
lardner,1,0,1
lardinois,1,0,1
lard,1,0,1
lapsus,1,0,1
laps,1,0,1
laplacesche,1,0,1
latitude,1,0,1
latoda,1,0,1
latotzky,1,0,1
laurene,1,0,1
lavista,1,0,1
lavishly,1,0,1
lavish,1,0,1
laver,1,0,1
lauterbachs,1,0,1
lausch,1,0,1
lauren,1,0,1
lattice,1,0,1
laurdiy,1,0,1
laundering,1,0,1
launder,1,0,1
laufer,1,0,1
laudator,1,0,1
lauda,1,0,1
mimimi,1,0,1
minddoc,1,0,1
jumphave,1,0,1
opinionator,1,0,1
operators,1,0,1
operative,1,0,1
operations,1,0,1
operationalize,1,0,1
openspotifycom,1,0,1
openrail,1,0,1
openhpi,1,0,1
opener,1,0,1
opencast,1,0,1
openaicom,1,0,1
openai100,1,0,1
openaaito,1,0,1
openaai5,1,0,1
openaacomlog,1,0,1
openaacom,1,0,1
ophthalmologist,1,0,1
opinions20220617,1,0,1
opus,1,0,1
opium,1,0,1
optimum,1,0,1
optimizers,1,0,1
optimizer,1,0,1
optimalto,1,0,1
optically,1,0,1
opra,1,0,1
oppressor,1,0,1
oppressive,1,0,1
oppositethe,1,0,1
opposed,1,0,1
opportunities92,1,0,1
opportunistic,1,0,1
opportune,1,0,1
opponents,1,0,1
oppenheim,1,0,1
opeai,1,0,1
opai,1,0,1
oostermijers,1,0,1
ooblets,1,0,1
onlinenow,1,0,1
onlinelanguage,1,0,1
onlineit,1,0,1
onlinefrom,1,0,1
onlineand,1,0,1
onlinean,1,0,1
onindependent,1,0,1
onin,1,0,1
onhuman,1,0,1
onhad,1,0,1
onewritten,1,0,1
onewall,1,0,1
oneunpainted,1,0,1
onetightly,1,0,1
onesuperheld,1,0,1
onlineone,1,0,1
onlinethe,1,0,1
onlinewith,1,0,1
onon,1,0,1
ooaingcom,1,0,1
onvista,1,0,1
onusseit,1,0,1
onthe,1,0,1
onsystem,1,0,1
onset,1,0,1
onmake,1,0,1
onlooke,1,0,1
onlystill,1,0,1
onlyslightly,1,0,1
onlyshare,1,0,1
onlyonce,1,0,1
onlydo,1,0,1
onlybecause,1,0,1
optionally,1,0,1
ora,1,0,1
onesproblem,1,0,1
osloer,1,0,1
oscars,1,0,1
orwrite,1,0,1
orworke,1,0,1
orwellian,1,0,1
orthographic,1,0,1
orthogonal,1,0,1
orthe,1,0,1
ortega,1,0,1
orsolya,1,0,1
orrise,1,0,1
orpo,1,0,1
orozco,1,0,1
orother,1,0,1
ornamental,1,0,1
ormri,1,0,1
oshiniye,1,0,1
osment,1,0,1
orautomate,1,0,1
osmosis,1,0,1
otterai,1,0,1
otis,1,0,1
othis,1,0,1
othersresearch,1,0,1
otherslayperson,1,0,1
othersdiscipline,1,0,1
othersapps,1,0,1
otherness,1,0,1
otherhas,1,0,1
otelo,1,0,1
otbb53nqgflznhuutmwgiyhqvmhtml,1,0,1
ostermanns,1,0,1
osteoporosis,1,0,1
osteoarthritis,1,0,1
ost,1,0,1
ormanipulate,1,0,1
orma,1,0,1
orknowledge,1,0,1
orkhan,1,0,1
ordinarius,1,0,1
ordershad,1,0,1
orderer,1,0,1
ordefensive,1,0,1
ordeal,1,0,1
orcomplaint,1,0,1
orchestry,1,0,1
orchestrate,1,0,1
orchestral,1,0,1
orcalle,1,0,1
orbutter,1,0,1
orbut,1,0,1
orbitronik,1,0,1
orbital,1,0,1
orbi,1,0,1
ordnance,1,0,1
oregon,1,0,1
oreilly,1,0,1
orhindle,1,0,1
orion,1,0,1
origins,1,0,1
originfrom,1,0,1
origami,1,0,1
orientationand,1,0,1
orientalism,1,0,1
orgasm,1,0,1
oreo,1,0,1
orgas,1,0,1
organlost,1,0,1
organizations,1,0,1
organisationsnformation,1,0,1
organically,1,0,1
org,1,0,1
onesuccessful,1,0,1
onesimple,1,0,1
obelix,1,0,1
ofautomobile,1,0,1
ofan,1,0,1
ofamthor,1,0,1
ofai,1,0,1
oeuvre,1,0,1
oettinger,1,0,1
oetker,1,0,1
oesterreichs,1,0,1
oerding,1,0,1
oem,1,0,1
oehler,1,0,1
oefflich,1,0,1
oeffenter,1,0,1
oecdin,1,0,1
oe,1,0,1
odysseyin,1,0,1
ofartificial,1,0,1
ofbrowder,1,0,1
officio,1,0,1
ofchildren,1,0,1
officesshould,1,0,1
offices,1,0,1
officers,1,0,1
officereturn,1,0,1
officeif,1,0,1
officeeting,1,0,1
officeapplications,1,0,1
officea,1,0,1
offersstep,1,0,1
offers,1,0,1
offerotherwise,1,0,1
offended,1,0,1
ofexpert,1,0,1
ofdigital,1,0,1
ofdevelop,1,0,1
odor,1,0,1
odonkor,1,0,1
odd,1,0,1
octopolitanist,1,0,1
obscura,1,0,1
obschinsky,1,0,1
obs,1,0,1
obradovic,1,0,1
obolus,1,0,1
obligatory,1,0,1
objectsclassifie,1,0,1
objectsand,1,0,1
objectophilia,1,0,1
objectivistic,1,0,1
obituary,1,0,1
oberschneweide,1,0,1
oberman,1,0,1
oberland,1,0,1
oberhessischen,1,0,1
obscurantist,1,0,1
obscured,1,0,1
observable,1,0,1
occupie,1,0,1
october300,1,0,1
octane,1,0,1
ocr,1,0,1
oconnell,1,0,1
oceans,1,0,1
oceanic,1,0,1
occupants,1,0,1
observercom202309nthropic,1,0,1
occidal,1,0,1
obstructive,1,0,1
obstaclewintergerst,1,0,1
obsolescence,1,0,1
obsidian,1,0,1
observers,1,0,1
officeund,1,0,1
offis,1,0,1
onesee,1,0,1
onedefine,1,0,1
onecommunication,1,0,1
onechat,1,0,1
onecall,1,0,1
oneboy,1,0,1
onebetter,1,0,1
onebee,1,0,1
oneartificial,1,0,1
oneare,1,0,1
onealready,1,0,1
oneai,1,0,1
onbasis,1,0,1
omniscience,1,0,1
omnipotent,1,0,1
ommer,1,0,1
omicrona,1,0,1
onecooperation,1,0,1
onedrive,1,0,1
offspre,1,0,1
oneextended,1,0,1
oneplaying,1,0,1
onepatient,1,0,1
oneparagraphs,1,0,1
onenotice,1,0,1
onend,1,0,1
onelevel,1,0,1
onelarger,1,0,1
oneincrease,1,0,1
onehardly,1,0,1
onehard,1,0,1
onefurther,1,0,1
onefor,1,0,1
onefitness,1,0,1
onefike,1,0,1
onefax,1,0,1
omegaverse,1,0,1
ombudsperson,1,0,1
ombudsman,1,0,1
omar,1,0,1
okcupid,1,0,1
ohwyiktq,1,0,1
ohulscy,1,0,1
ohh,1,0,1
oha,1,0,1
oggersheim,1,0,1
ogg,1,0,1
og,1,0,1
ofwell,1,0,1
ofwe,1,0,1
ofraise,1,0,1
ofpersonal,1,0,1
ofit,1,0,1
ofipad,1,0,1
ofinstagram,1,0,1
okorg,1,0,1
oksana,1,0,1
olama,1,0,1
olimpia,1,0,1
olympus,1,0,1
olusanmokun,1,0,1
ollnborger,1,0,1
oller,1,0,1
olivias,1,0,1
olive,1,0,1
oligarchen,1,0,1
olbrisch,1,0,1
oliboli,1,0,1
olfactory,1,0,1
olena,1,0,1
oleitivity,1,0,1
oleg,1,0,1
older,1,0,1
otterbachwhen,1,0,1
ottifant,1,0,1
ottobrunn,1,0,1
patch,1,0,1
paststaye,1,0,1
pastry,1,0,1
pastmonth,1,0,1
pastioce,1,0,1
pastiche,1,0,1
pastel,1,0,1
pasted,1,0,1
pastare,1,0,1
passivehas,1,0,1
passerby,1,0,1
passer,1,0,1
passengerthe,1,0,1
passengerssvcar,1,0,1
passed,1,0,1
passau,1,0,1
pataranutaporn,1,0,1
pateland,1,0,1
patric,1,0,1
patentable,1,0,1
patriarchically,1,0,1
patreon,1,0,1
patina,1,0,1
patientsoffer,1,0,1
patientethic,1,0,1
pathwwwemploymentlawgroupcom,1,0,1
pathways,1,0,1
paths,1,0,1
pathologist,1,0,1
pathologically,1,0,1
pathetically,1,0,1
pathetic,1,0,1
paternalism,1,0,1
paternal,1,0,1
patentsgooglecom,1,0,1
passant,1,0,1
pashtu,1,0,1
pash,1,0,1
partys,1,0,1
parlamind,1,0,1
parkstadt,1,0,1
parka,1,0,1
paristhe,1,0,1
parisian,1,0,1
parish,1,0,1
parentsput,1,0,1
parents,1,0,1
parente,1,0,1
pareidoly,1,0,1
pare,1,0,1
parc,1,0,1
parasocial,1,0,1
parasitically,1,0,1
paraplegic,1,0,1
parlando,1,0,1
parlaska,1,0,1
parliamenta,1,0,1
participatedargue,1,0,1
partsgeorge,1,0,1
parts,1,0,1
partnerships,1,0,1
partners,1,0,1
partisanity,1,0,1
participatingly,1,0,1
participantsit,1,0,1
parliamentarians,1,0,1
partiallyb,1,0,1
parth,1,0,1
parsley,1,0,1
parquet,1,0,1
parnack,1,0,1
parlophone,1,0,1
patriarchy,1,0,1
patrik,1,0,1
ou,1,0,1
pel,1,0,1
pegida,1,0,1
pegah,1,0,1
peessen,1,0,1
peergroup,1,0,1
peels,1,0,1
peeles,1,0,1
peele,1,0,1
peeks,1,0,1
pedosexual,1,0,1
pedophilia,1,0,1
pedocriminal,1,0,1
pediatricianwho,1,0,1
pedersen,1,0,1
pedantic,1,0,1
pedal,1,0,1
peierls,1,0,1
pelzer,1,0,1
patriot,1,0,1
penal,1,0,1
percent2022,1,0,1
pepsi,1,0,1
pepse,1,0,1
peppa,1,0,1
peopleyou,1,0,1
peopleunderstand,1,0,1
peoples,1,0,1
peopleprobably,1,0,1
penzkofer,1,0,1
pensionum,1,0,1
peninsula,1,0,1
penholder,1,0,1
pengyu,1,0,1
pendant,1,0,1
pence,1,0,1
pecunia,1,0,1
peculiar,1,0,1
peck,1,0,1
pearly,1,0,1
pbx6mzhrwranra6pqhvmmlzotehtml,1,0,1
pbl,1,0,1
paymentto,1,0,1
payload,1,0,1
paws,1,0,1
pavlo,1,0,1
paus,1,0,1
paulus,1,0,1
pauling,1,0,1
paulina,1,0,1
paulaner,1,0,1
patron,1,0,1
patroll,1,0,1
patrizia,1,0,1
patriotic,1,0,1
pcsuch,1,0,1
pcthey,1,0,1
pcthis,1,0,1
pdocriminal,1,0,1
pear,1,0,1
peaky,1,0,1
peaker,1,0,1
peach,1,0,1
peacekeeper,1,0,1
peacefully,1,0,1
pdig0000198,1,0,1
pdf10114534421883445922,1,0,1
pdfsthis,1,0,1
pdfpdfai,1,0,1
pdfaithe,1,0,1
pdfaiif,1,0,1
pdf221104325pdf,1,0,1
pdf201101314pdf,1,0,1
paraphrase,1,0,1
paranormal,1,0,1
paranoid,1,0,1
oversaturation,1,0,1
overpressure,1,0,1
overpowering,1,0,1
overplay,1,0,1
overlooked,1,0,1
overlookable,1,0,1
overloading,1,0,1
overloadedand,1,0,1
overloaded,1,0,1
overinterpretation,1,0,1
overinterpret,1,0,1
overhoot,1,0,1
overhaul,1,0,1
overfitting,1,0,1
overfill,1,0,1
overestimated,1,0,1
overreaction,1,0,1
overseer,1,0,1
parametersand,1,0,1
overshadowed,1,0,1
overwritten,1,0,1
overwhelmingly,1,0,1
overwhelmingi,1,0,1
overvalued,1,0,1
overtraine,1,0,1
overtit,1,0,1
overtime,1,0,1
overtea,1,0,1
oversubscribe,1,0,1
overstretch,1,0,1
oversteer,1,0,1
overso,1,0,1
overslept,0,1,1
overshoe,1,0,1
overshit,1,0,1
overdraft,1,0,1
overdose,1,0,1
overdelivevered,1,0,1
overcrowding,1,0,1
outlier,1,0,1
outli,1,0,1
outlaw,1,0,1
outing,1,0,1
outerformance,1,0,1
outbursts,1,0,1
outburst,1,0,1
outbreakafter,1,0,1
outboard,1,0,1
outage,1,0,1
ourswishe,1,0,1
oureveryday,1,0,1
ouch,1,0,1
ouassil,1,0,1
ou3r7lj7vn2652wiy5rgbihtml,1,0,1
outlineda,1,0,1
outlot,1,0,1
outomography,1,0,1
ouvre,1,0,1
overcrowd,1,0,1
overcoming,1,0,1
overcapacity,1,0,1
overcapacitie,1,0,1
ovalsnamed,1,0,1
oval,1,0,1
outweighs,1,0,1
outpainte,1,0,1
outstretche,1,0,1
outstandingly,1,0,1
outsourced,1,0,1
outsidein,1,0,1
outshone,1,0,1
outraged,0,1,1
overzeal,1,0,1
overzealous,1,0,1
ovulation,1,0,1
palpate,1,0,1
panopticon,1,0,1
pankow,1,0,1
panische,1,0,1
panik,1,0,1
panem,1,0,1
pane,1,0,1
pandicke,1,0,1
pandemienotdienst,1,0,1
pandemien,1,0,1
pandemia,1,0,1
pandemege,1,0,1
panda,1,0,1
pancreas,1,0,1
panay,1,0,1
panama,1,0,1
panos,1,0,1
panpsychism,1,0,1
panther,1,0,1
papua,1,0,1
paralympic,1,0,1
paradisiacal,1,0,1
parachute,1,0,1
parabola,1,0,1
parable,1,0,1
para,1,0,1
papst,1,0,1
pantopay,1,0,1
paps,1,0,1
papperger,1,0,1
paperless,1,0,1
paper2,1,0,1
paparazzi,1,0,1
panzer,1,0,1
pamela,1,0,1
palladino,1,0,1
ownchat,1,0,1
palgi,1,0,1
pa,1,0,1
p500,1,0,1
p4,1,0,1
p30,1,0,1
p3,1,0,1
p10,1,0,1
ozg,1,0,1
ozan,1,0,1
oymwv7mx2jsueaeosfzzelhcmhtml,1,0,1
oxytocin,1,0,1
oxfordto,1,0,1
ownuse,1,0,1
ownle,0,1,1
owninitiatives,1,0,1
ownfocus,1,0,1
paaistani,1,0,1
paatsch,1,0,1
pacifist,1,0,1
pajamas,1,0,1
palermo,1,0,1
paleobiology,1,0,1
palava,1,0,1
paket,1,0,1
pak,1,0,1
pajero,1,0,1
paints,1,0,1
pad,1,0,1
paid,1,0,1
pague,1,0,1
pageview,1,0,1
pagethat,1,0,1
pagar,1,0,1
padawane,1,0,1
oberbergische,1,0,1
obeidallah,1,0,1
mindey,1,0,1
mozarteum,1,0,1
mowere,1,0,1
moviesin,1,0,1
movie2kto,1,0,1
moved,1,0,1
mouthpiece,1,0,1
mouthanization,1,0,1
mourou,1,0,1
mourning,1,0,1
mourned,1,0,1
mounting,1,0,1
mountains,1,0,1
motzens,0,1,1
motzen,1,0,1
mottois,1,0,1
mottlecom,1,0,1
moxter,1,0,1
mozartoid,1,0,1
muchhave,1,0,1
mozillaai,1,0,1
muchand,1,0,1
much4,1,0,1
mu,1,0,1
mtkfef5bainos3piqsjqsjqssyqhtml,1,0,1
msiyou,1,0,1
msc,1,0,1
mrt,1,0,1
mrite,1,0,1
mribel,1,0,1
mre,1,0,1
mrd,1,0,1
mraische,1,0,1
mpujpb,1,0,1
mptm,1,0,1
mployeees,1,0,1
mottle,1,0,1
motorhome,1,0,1
motorboat,1,0,1
motivator,1,0,1
moritat,1,0,1
mori,1,0,1
morgenmagazin,1,0,1
morganstanley,1,0,1
moremore,1,0,1
moreinvestment,1,0,1
morefurther,1,0,1
moreas,1,0,1
mordor,1,0,1
morbide,1,0,1
moravecschen,1,0,1
moralize,1,0,1
morales,1,0,1
morais,1,0,1
mope,1,0,1
morninglye,1,0,1
morozov,1,0,1
morphais,1,0,1
mosquoa,1,0,1
motivating,1,0,1
motherfucker,1,0,1
mother17,1,0,1
moth,1,0,1
mostlyyoung,1,0,1
mossy,1,0,1
mosquito,1,0,1
morpheme,1,0,1
moskwa,1,0,1
moser,1,0,1
mosaic,1,0,1
mos,1,0,1
morrissey,1,0,1
morphous,1,0,1
muchare,1,0,1
muchprobably,1,0,1
moosach,1,0,1
mvfp,1,0,1
mutilate,1,0,1
mustdevelopment,1,0,1
mustache,1,0,1
mussolini,1,0,1
mussel,1,0,1
muss,1,0,1
muskhold,1,0,1
musictanty,1,0,1
musicshould,1,0,1
musicidol,1,0,1
musicgen,1,0,1
musicals,1,0,1
music100000,1,0,1
museumplace,1,0,1
musculoskeletal,1,0,1
mutter,1,0,1
mvrdv,1,0,1
mucks,1,0,1
mvzdorfen,1,0,1
n26,1,0,1
n1,1,0,1
mziegler,1,0,1
mythologize,1,0,1
mythological,1,0,1
mystyserie,1,0,1
mystify,1,0,1
mystification,1,0,1
mystic,1,0,1
myspace,1,0,1
mychailo,1,0,1
myanmar,1,0,1
myaiobsession,1,0,1
mwff6p4i5jcite5p2oubfpdivml,1,0,1
mwff6p4i5jcite5p2oubfpdivmhtml,1,0,1
muscular,1,0,1
murthy,1,0,1
murray,1,0,1
murr,1,0,1
multimilliarchheard,1,0,1
multim,1,0,1
multifunctional,1,0,1
multifactor,1,0,1
multicultural,1,0,1
multicore,1,0,1
multicise,1,0,1
mullis,1,0,1
muller,1,0,1
mulled,1,0,1
muffle,1,0,1
muesli,1,0,1
mueller,1,0,1
muddy,1,0,1
mucous,1,0,1
multiplie,1,0,1
multisensory,1,0,1
multitalent,1,0,1
munchie,1,0,1
murino,1,0,1
murderous,1,0,1
murat,1,0,1
murasaai,1,0,1
murad,1,0,1
municipalitie,1,0,1
mums,1,0,1
multitude,1,0,1
mummel,1,0,1
mumler,1,0,1
mumford,1,0,1
multivitamin,1,0,1
multiverse,1,0,1
multivan,1,0,1
moovel,1,0,1
moonweed,1,0,1
obamas,1,0,1
mitteilungen2023,1,0,1
mitinnnderjonas,1,0,1
mithras,1,0,1
mithing,1,0,1
mitanni,1,0,1
mitai,1,0,1
mitachor,1,0,1
mistress,1,0,1
mister,1,0,1
mistakenly,1,0,1
mist,1,0,1
misspell,1,0,1
misogyny,1,0,1
misleadingthat,1,0,1
mislappe,1,0,1
misistingly,1,0,1
mitsubishi,1,0,1
mixer,1,0,1
modbus,1,0,1
miyaai,1,0,1
mobs,1,0,1
mobilityutonome,1,0,1
mobilitaet,1,0,1
moat,1,0,1
moans,1,0,1
moabit,1,0,1
mo,1,0,1
mnflohn,1,0,1
mma,1,0,1
mlzer,1,0,1
mlynek,1,0,1
mlp,1,0,1
mlbiontech,1,0,1
mkusch,1,0,1
mjdat,1,0,1
misinvestment,1,0,1
miserably,1,0,1
misdeed,1,0,1
misbah,1,0,1
miniserie,1,0,1
minion,1,0,1
minimized,1,0,1
minimalization,1,0,1
minimalism,1,0,1
minicomputer,1,0,1
miniature,1,0,1
mineralogist,1,0,1
mineralization,1,0,1
mindthe,1,0,1
mindstorm,1,0,1
mindstones,1,0,1
minds,1,0,1
mindpong,1,0,1
mindless,1,0,1
ministershinzo,1,0,1
ministryto,1,0,1
minorities,1,0,1
mirela,1,0,1
misappropriating,1,0,1
misalignment,1,0,1
mirza,1,0,1
mirroring,1,0,1
mirren,1,0,1
mirjam,1,0,1
miralab,1,0,1
minted,1,0,1
miraculous,1,0,1
mir,1,0,1
minutesthe,1,0,1
minutesalso,1,0,1
minutein,1,0,1
minten,1,0,1
moc,1,0,1
modelarmy,1,0,1
moonshot,1,0,1
montage,1,0,1
mont,1,0,1
monsters,1,0,1
monstermacher,1,0,1
monst,1,0,1
monshot,1,0,1
monopolize,1,0,1
monoclonal,1,0,1
monocausal,1,0,1
mono,1,0,1
monitored,1,0,1
monitor2021,1,0,1
monir,1,0,1
moneythe,1,0,1
monetizing,1,0,1
monetarization,1,0,1
monta,1,0,1
monte,1,0,1
modellere,1,0,1
monteiro,1,0,1
monument,1,0,1
monty,1,0,1
monthswednesday,1,0,1
monthsto,1,0,1
monthsthe,1,0,1
monthshigh,1,0,1
monthshe,1,0,1
monthsevidence,1,0,1
monthsalmost,1,0,1
months61,1,0,1
monthregister,1,0,1
montgomery,1,0,1
montessori,1,0,1
montero,1,0,1
montenegro,1,0,1
monetarily,1,0,1
monet,1,0,1
monde,1,0,1
mondal,1,0,1
mohit,1,0,1
mohammadis,1,0,1
mohamed,1,0,1
mogul,1,0,1
mogue,1,0,1
mogel,1,0,1
moez,1,0,1
moeglich,1,0,1
modus,1,0,1
modulate,1,0,1
modified,1,0,1
modernist,1,0,1
modernas,1,0,1
modena,1,0,1
modelsto,1,0,1
mohl,1,0,1
mohring,1,0,1
mohsen,1,0,1
momentary,1,0,1
monate,1,0,1
monarchs,1,0,1
monaco,1,0,1
mon,1,0,1
momoa,1,0,1
momentslater,1,0,1
molotov,1,0,1
moist,1,0,1
molkerei,1,0,1
molecules,1,0,1
mold,1,0,1
molar,1,0,1
mojang,1,0,1
moisten,1,0,1
n2a54jvwkjdgvmevmevn7hpp6iwnehtml,1,0,1
n6o6d3jenfebpfwicifbygeqhtml,1,0,1
nabla,1,0,1
nobility,1,0,1
nnichtdestotrotz,1,0,1
nnaisense,1,0,1
nlvinzpinzpsujhclofhlofhlofhlfhlfsslfqoyhtml,1,0,1
nllb,1,0,1
nivea,1,0,1
nitrite,1,0,1
nitride,1,0,1
nitrate,1,0,1
nis2,1,0,1
niro,1,0,1
nirmata,1,0,1
nippes,1,0,1
ninjas,1,0,1
ninjachalt,1,0,1
ninja,1,0,1
nobelpreis,1,0,1
nockcave,1,0,1
nonhuman,1,0,1
nodes,1,0,1
nonchalance,1,0,1
nominee,1,0,1
nominated,1,0,1
nominally,1,0,1
nomadic,1,0,1
nomad,1,0,1
nollert,1,0,1
nolanhope,1,0,1
nol,1,0,1
noises,1,0,1
noiseless,1,0,1
noisage,1,0,1
noine,1,0,1
nofilmschoolcom,1,0,1
noerr,1,0,1
ninia,1,0,1
ningaloo,1,0,1
nimbus,1,0,1
nim,1,0,1
nicolai,1,0,1
nichtte,1,0,1
nicht,1,0,1
nicholson,1,0,1
nicholas,1,0,1
niai,1,0,1
nhs,1,0,1
nhe,1,0,1
nftsnf,1,0,1
nflectionai,1,0,1
nfcon,1,0,1
newyork,1,0,1
newts,1,0,1
newter,1,0,1
newsycombinatorcomtem,1,0,1
nicolaus,1,0,1
nicotine,1,0,1
nie,1,0,1
nightjimmy,1,0,1
nikolaus,1,0,1
nikolas,1,0,1
nihar,1,0,1
nightsuccessor,1,0,1
nightmarish,1,0,1
nightly,1,0,1
nightcafestudio,1,0,1
niedecken,1,0,1
nightcafe,1,0,1
nigerian,1,0,1
nif,1,0,1
nietfeld,1,0,1
nielsen,1,0,1
niederrad,1,0,1
nonetheless,1,0,1
nonnenwald,1,0,1
nachlich,1,0,1
ntvit,1,0,1
ns,1,0,1
nrwderoblox5561de1html,1,0,1
nrtingen,1,0,1
nroin,1,0,1
nro,1,0,1
npl,1,0,1
npc,1,0,1
noyb,1,0,1
nowtaught,1,0,1
nowonce,1,0,1
nowgenerate,1,0,1
nowcastnet,1,0,1
nowcasting,1,0,1
novus,1,0,1
novosibirsk,1,0,1
nsdap,1,0,1
nudge,1,0,1
nonsstop,1,0,1
nugat,1,0,1
oanke,1,0,1
oae6kgdymngutpj43jo6dbcn2mhtml,1,0,1
nyregion,1,0,1
nymphenburg,1,0,1
nxp,1,0,1
nwp,1,0,1
nvidias,1,0,1
nvidiacheap,1,0,1
nutzen,1,0,1
nutz,1,0,1
nutor,1,0,1
nus,1,0,1
nurphoto,1,0,1
nun,1,0,1
nullity,1,0,1
noviny,1,0,1
novcastnet,1,0,1
novavax,1,0,1
novak,1,0,1
nota,1,0,1
nostradamus,1,0,1
nostalgeonus,1,0,1
nos,1,0,1
norwegians,0,1,1
northridge,1,0,1
norman,1,0,1
normalizing,1,0,1
nori,1,0,1
nordhorn,1,0,1
norddeutsche,1,0,1
nordbadener,1,0,1
nope,1,0,1
noodle,1,0,1
nonsuch,1,0,1
notadd,1,0,1
notall,1,0,1
notation,1,0,1
notlosing,1,0,1
nova,1,0,1
nov,1,0,1
notwist,1,0,1
notwe,1,0,1
notpay,1,0,1
notonly,1,0,1
notis,1,0,1
notepad,1,0,1
notion,1,0,1
noticing,1,0,1
noticeaize,1,0,1
nothingnew,1,0,1
nothave,1,0,1
notesor,1,0,1
newsticker,1,0,1
newstem29,1,0,1
newsrticles2023,1,0,1
navwar,1,0,1
navigator,1,0,1
navidad,1,0,1
navi,1,0,1
nave,1,0,1
nav,1,0,1
naughton,1,0,1
nauener,1,0,1
naturschutzbund,1,0,1
naturkunde,1,0,1
natured,1,0,1
naturalization,1,0,1
naturalitie,1,0,1
naturalistic,1,0,1
natura,1,0,1
natoshe,1,0,1
navit,1,0,1
nazareth,1,0,1
newsroomspotifycom2023,1,0,1
nbbj,1,0,1
nef,1,0,1
needle,1,0,1
needed,1,0,1
necromancer,1,0,1
necessity,1,0,1
neapolitan,1,0,1
neanderthals,1,0,1
neal,1,0,1
ndrsuccessful,1,0,1
ndibiotika,1,0,1
ncsid,1,0,1
ncohc,1,0,1
ncmec,1,0,1
ncht,1,0,1
nchnte,1,0,1
nators,1,0,1
nathaniel,1,0,1
natalka,1,0,1
natalie,1,0,1
nanu,1,0,1
nanoparticle,1,0,1
nanoma,1,0,1
nano,1,0,1
nannini,1,0,1
nangle,1,0,1
namelyespecially,1,0,1
namedmusic,1,0,1
name4,1,0,1
name28,1,0,1
naina,1,0,1
nagoya,1,0,1
naema,1,0,1
nadelhr,1,0,1
nacional,1,0,1
nao,1,0,1
napalm,1,0,1
naples,1,0,1
nasathat,1,0,1
natali,1,0,1
nasscom,1,0,1
nase,1,0,1
nascar,1,0,1
nasayou,1,0,1
nasathis,1,0,1
nasal,1,0,1
narcissus,1,0,1
narrowly,1,0,1
narrowerwoman,1,0,1
narrators,1,0,1
narratives3,1,0,1
narratives,1,0,1
narendra,1,0,1
negation,1,0,1
negativism,1,0,1
neglecting,1,0,1
neukllner,1,0,1
neverending,1,0,1
neutron,1,0,1
neutralizing,1,0,1
neuter,1,0,1
neusprechorg,1,0,1
neusoft,1,0,1
neurotechnical,1,0,1
neurosurgeon,1,0,1
neuroscientific,1,0,1
neuronalnetworks,1,0,1
neuromorph,1,0,1
neuroflash,1,0,1
neurobiologist,1,0,1
neurobiological,1,0,1
neuralgic,1,0,1
newask,1,0,1
newborn,1,0,1
newem,1,0,1
newsis,1,0,1
newsroomrtikel,1,0,1
newsmitedu2023,1,0,1
newsmitedu2020rtificial,1,0,1
newsmartspeaker,1,0,1
newslock,1,0,1
newslettercrisis,1,0,1
newsgroup,1,0,1
newer,1,0,1
newsdesk,1,0,1
news202319,1,0,1
news202315,1,0,1
newport,1,0,1
newness,1,0,1
newletter,1,0,1
neura,1,0,1
neufink,1,0,1
negoter,1,0,1
neues,1,0,1
nestle,1,0,1
nestl,1,0,1
nerfie,1,0,1
nerdy,1,0,1
nerds,1,0,1
neoliberalsto,1,0,1
neofonie,1,0,1
neodymium,1,0,1
nentwig,1,0,1
nene,1,0,1
nello,1,0,1
nele,1,0,1
nejma,1,0,1
nehmer,1,0,1
negovec,1,0,1
netanyah,1,0,1
netcome,1,0,1
netgears,1,0,1
netzforma,1,0,1
neudecker,1,0,1
neubacher,1,0,1
netzwerke,1,0,1
netzprohnitung,1,0,1
netzpolitikorg2018,1,0,1
netzpolitik,1,0,1
netzdg,1,0,1
netization,1,0,1
networkupload,1,0,1
networksinstagram,1,0,1
networkscan,1,0,1
networkable,1,0,1
nettokom,1,0,1
netscape,1,0,1
jumping,1,0,1
julysobering,1,0,1
euotherwise,1,0,1
gendere,1,0,1
gen2,1,0,1
gemach,1,0,1
gema,1,0,1
gely,1,0,1
geldermann,1,0,1
geisser,1,0,1
geilo,1,0,1
geib,1,0,1
geht,1,0,1
gehry,1,0,1
gehring,1,0,1
gehrig,1,0,1
gehl,1,0,1
gegoogle,1,0,1
gegenden,1,0,1
gena,1,0,1
genealate,1,0,1
gentechnology,1,0,1
generala,1,0,1
genreen,1,0,1
genre0jq5daqbmkfe3wxpvsulx,1,0,1
genoa,1,0,1
genji,1,0,1
genitic,1,0,1
genia,1,0,1
genesis,1,0,1
generei,1,0,1
generationfrom,1,0,1
generational,1,0,1
generalstatement,1,0,1
generalizability,1,0,1
generalist,1,0,1
generali,1,0,1
generale,1,0,1
gege,1,0,1
gefaschter,1,0,1
gefaelschte,1,0,1
gefa,1,0,1
gbaccorde,1,0,1
gazette,1,0,1
gazelle,1,0,1
gayle,1,0,1
gauze,1,0,1
gautinger,1,0,1
gauterinfor,1,0,1
gauter,1,0,1
gaultier,1,0,1
gauleiter,1,0,1
gaud,1,0,1
gatzer,1,0,1
gato,1,0,1
gatekeeper,1,0,1
gatebox,1,0,1
gbif,1,0,1
gbso,1,0,1
gbthe,1,0,1
gdrheat,1,0,1
geena,1,0,1
geekabits,1,0,1
gediger,1,0,1
gecko,1,0,1
geburtstag,1,0,1
gearbox,1,0,1
gdprunder,1,0,1
gbyou,1,0,1
gdprthis,1,0,1
gdprthe,1,0,1
gdprnational,1,0,1
gdprin,1,0,1
gdprhe,1,0,1
gclid,1,0,1
genshincharacterai,1,0,1
genuinely,1,0,1
gasteig,1,0,1
geywitz,1,0,1
getir,1,0,1
getaner,1,0,1
gesundheitntibiotika,1,0,1
gesundheit,1,0,1
gestation,1,0,1
gestapo,1,0,1
gesicht,1,0,1
gesetz,1,0,1
geschwister,1,0,1
gerwig,1,0,1
gerrard,1,0,1
geropflueger,1,0,1
gernert,1,0,1
gerne,1,0,1
germn,1,0,1
geuters,1,0,1
gff,1,0,1
genuse,1,0,1
ggmbh,1,0,1
giannandreaand,1,0,1
gianna,1,0,1
gianiracusa,1,0,1
ghte,1,0,1
ghring,1,0,1
ghostwritern,1,0,1
ghostwritermean,1,0,1
ghostwriter977the,1,0,1
ghostwriter977anyone,1,0,1
ghbeusm0oxm,1,0,1
ghauss,1,0,1
ghanaian,1,0,1
ghana,1,0,1
gh6npyhziyveqhj76srq2fiqhtml,1,0,1
gh200it,1,0,1
germeringen,1,0,1
germeringde,1,0,1
germere,1,0,1
germanyand,1,0,1
geraghty,1,0,1
geothermal,1,0,1
georgina,1,0,1
georgetownin,1,0,1
georges,1,0,1
georgein,1,0,1
geordi,1,0,1
geopolitically,1,0,1
geology,1,0,1
geographically,1,0,1
geographic,1,0,1
geoff,1,0,1
geoeconomy,1,0,1
geodesy,1,0,1
genz,1,0,1
gerald,1,0,1
geraldine,1,0,1
geralds,1,0,1
germanspress,1,0,1
germanyalready,1,0,1
germany9000,1,0,1
germany73,1,0,1
germany2022,1,0,1
germantoneless,1,0,1
germanto,1,0,1
germanium70,1,0,1
gerassimow,1,0,1
germanium,1,0,1
germancrucial,1,0,1
gerland,1,0,1
gerlach,1,0,1
gerigk,1,0,1
geriatric,1,0,1
gastroenterological,1,0,1
gastager,1,0,1
from15,1,0,1
fungible,1,0,1
fungate,1,0,1
fune,1,0,1
fundraising,1,0,1
fundraiser,1,0,1
fundraise,1,0,1
fundingpossibly,1,0,1
fundedif,1,0,1
funded,1,0,1
fundamentalism,1,0,1
functionthe,1,0,1
functionsgame,1,0,1
functionmovement,1,0,1
functionalize,1,0,1
functionalist,1,0,1
functionalism,1,0,1
fungi,1,0,1
funk,1,0,1
futurenegrate,1,0,1
funklochland,1,0,1
futuredeep,1,0,1
futureclose,1,0,1
futurebecome,1,0,1
future1,1,0,1
futterlieb,1,0,1
futs,1,0,1
futorologist,1,0,1
futile,1,0,1
furnic,1,0,1
furnace,1,0,1
furiosum,1,0,1
funtion,1,0,1
funnock,0,1,1
funniest,1,0,1
funmade,1,0,1
fumio,1,0,1
fumble,1,0,1
fumbarev,1,0,1
fulls,1,0,1
fthe,1,0,1
fsfsb,1,0,1
fsbthe,1,0,1
fsb,1,0,1
fs43hxhbld2sm5j2hgwnljf4ehtml,1,0,1
fs,1,0,1
fruitless,1,0,1
frther,1,0,1
frriston,1,0,1
frondel,1,0,1
fromthose,1,0,1
fromthe,1,0,1
fromm,1,0,1
fromcombination,1,0,1
frombicycle,1,0,1
ftse,1,0,1
fuarain,1,0,1
fuberlin,1,0,1
fuffy,1,0,1
fullidiot,1,0,1
fullerton,1,0,1
fuller,1,0,1
full101073,1,0,1
fulfilled,1,0,1
fujimoto,1,0,1
fuerschetet,1,0,1
fuchsig,1,0,1
fuerregelen,1,0,1
fuerfere,1,0,1
fuenfunerfuellten,1,0,1
fuelable,1,0,1
fue,1,0,1
fuchskusu,1,0,1
futurelab,1,0,1
futureother,1,0,1
gast,1,0,1
gaogle,1,0,1
gansu,1,0,1
ganserlau,1,0,1
ganser,1,0,1
gans,1,0,1
gander,1,0,1
gamifie,1,0,1
gamification,1,0,1
gamethe,1,0,1
gamesmess,1,0,1
gameplay,1,0,1
gamepad,1,0,1
gamekeeper,1,0,1
gambling,1,0,1
gambit,1,0,1
gam,1,0,1
ganze,1,0,1
garant,1,0,1
futurepediaio,1,0,1
garche,0,1,1
gassmann,1,0,1
gass,1,0,1
gaslighted,1,0,1
garrit,1,0,1
garrett,1,0,1
garrard,1,0,1
garment,1,0,1
garland,1,0,1
garg,1,0,1
garfunkel,1,0,1
gardens,1,0,1
gardening,1,0,1
gardener,1,0,1
garcia,1,0,1
garchinger,1,0,1
gallow,1,0,1
gallop,1,0,1
galinda,1,0,1
galileo,1,0,1
g3ixnhf7y5depc2yn5mtqfc37yhtml,1,0,1
fz5xi4pm6mh6mn2xa7hpd4html,1,0,1
fz,1,0,1
fwdnxt,1,0,1
fuzzy,1,0,1
fuurge,1,0,1
futuromatiabde,1,0,1
futuro,1,0,1
futuriumde,1,0,1
futurist,1,0,1
futuri,1,0,1
futureximage,1,0,1
futureto,1,0,1
futurethat,1,0,1
futurepeople,1,0,1
gaat,1,0,1
gabel,1,0,1
gable,1,0,1
gainedhave,1,0,1
galician,1,0,1
galgen,1,0,1
galetti,1,0,1
galen,1,0,1
gal,1,0,1
gainutdinow,1,0,1
gaiman,1,0,1
gabler,1,0,1
gail,1,0,1
gahhhhnnnn,1,0,1
gags,1,0,1
gagosian,1,0,1
gadot,1,0,1
gabrielle,1,0,1
giannandreas,1,0,1
gib,1,0,1
gibbery,1,0,1
groningen,1,0,1
groks,1,0,1
groko,1,0,1
grokgrok,1,0,1
grokanzlei,1,0,1
grohe,1,0,1
grogalerie,1,0,1
grog,1,0,1
groesste,1,0,1
groessen,1,0,1
groeben,1,0,1
grnhofer,1,0,1
grnheide,1,0,1
grnemeyer,1,0,1
grkbecause,1,0,1
gritty,1,0,1
gromaul,1,0,1
grope,1,0,1
grundies,1,0,1
grossly,1,0,1
grumbling,1,0,1
gruesome,1,0,1
gruenheide,1,0,1
grueling,1,0,1
grubasic,1,0,1
growing,1,0,1
groupto,1,0,1
groupsand,1,0,1
groupbeiersdorf,1,0,1
groupbecause,1,0,1
group10000,1,0,1
groundto,1,0,1
grotesk,1,0,1
grote,1,0,1
grossopolic,1,0,1
gripping,1,0,1
grindelallee,1,0,1
grimassen,1,0,1
grikelejda,0,1,1
greener,1,0,1
greeks,1,0,1
grease,1,0,1
grch,1,0,1
grbz,1,0,1
graze,1,0,1
grau,1,0,1
gratification,1,0,1
gratefully,1,0,1
grated,1,0,1
grate,1,0,1
grata,1,0,1
grasshal,1,0,1
graphs,1,0,1
graphite,1,0,1
greenkech,1,0,1
greenness,1,0,1
greenpeace,1,0,1
grfs,1,0,1
griffith,1,0,1
griesgram,1,0,1
griel,1,0,1
griebnitzsee,1,0,1
gria,1,0,1
grhnkohl,1,0,1
grf,1,0,1
greentech,1,0,1
greulix,1,0,1
greis,1,0,1
greig,1,0,1
grefrath,1,0,1
greets,1,0,1
greete,1,0,1
grundhartinger,1,0,1
grunenberg,1,0,1
gibraltar,1,0,1
habecks,1,0,1
haard,1,0,1
ha,1,0,1
h3xhelolwzbbpnewiacucb2uqihtml,1,0,1
h2fgiio2orkz6goos5lj65dqhtml,1,0,1
h2,1,0,1
gzsz,1,0,1
gyrgy,1,0,1
gynecology,1,0,1
gyms,1,0,1
gymnast,1,0,1
gym,1,0,1
gwb,1,0,1
gvir,1,0,1
gutierrez,1,0,1
gustafson,1,0,1
hab,1,0,1
habitable,1,0,1
grunwald,1,0,1
habitaten,1,0,1
haeufiger,1,0,1
haessig,1,0,1
haenden,1,0,1
haelt,1,0,1
hadhowever,1,0,1
haddouti,1,0,1
haddadin,1,0,1
hadat,1,0,1
hadamar,1,0,1
hacquin,1,0,1
hackney,1,0,1
hackers,1,0,1
hackern,1,0,1
hach,1,0,1
habitus,1,0,1
gust,1,0,1
gurutum,1,0,1
gurus,1,0,1
gurgel,1,0,1
guardrails,1,0,1
guardiola,1,0,1
guarantor,1,0,1
gu7sde7stvhj3jo4sdsbkk4do4html,1,0,1
gtpthe,1,0,1
gtfthe,1,0,1
gtfs,1,0,1
gtfbut,1,0,1
gt7this,1,0,1
gt7so,1,0,1
gt7it,1,0,1
gt6,1,0,1
gs,1,0,1
grute,1,0,1
gruseliger,1,0,1
guccounter,1,0,1
gucereferrersig,1,0,1
gudrun,1,0,1
guizhou,1,0,1
gurevych,1,0,1
gunn,1,0,1
gunfill,1,0,1
gummersbach,1,0,1
gullibility,1,0,1
gulalai,1,0,1
guillotine,1,0,1
guericke,1,0,1
guillemot,1,0,1
guides,1,0,1
guidelines,1,0,1
guglielmo,1,0,1
guggenheim,1,0,1
guessabout,1,0,1
graphical,1,0,1
granularity,1,0,1
granular,1,0,1
gloome,1,0,1
globetrotter,1,0,1
globality,1,0,1
globaler,1,0,1
glitches,1,0,1
glit,1,0,1
glimpse,1,0,1
glimmer,1,0,1
glibber,1,0,1
gleeson,1,0,1
gleave,1,0,1
glcksjubel,1,0,1
glasshole,1,0,1
glashur,1,0,1
glasgow,1,0,1
glaser,1,0,1
glonn,1,0,1
gloria,1,0,1
granter,1,0,1
glorious,1,0,1
godzilla,1,0,1
godly,1,0,1
gobet,1,0,1
goalslike,1,0,1
goals,1,0,1
gnome,1,0,1
gnnemann66,1,0,1
gmez,1,0,1
gmbhthe,1,0,1
gmbhit,1,0,1
glyphosate,1,0,1
glueckwuensche,1,0,1
glover,1,0,1
glove,1,0,1
glorp,1,0,1
glandular,1,0,1
glam,1,0,1
gladbach,1,0,1
glacier,1,0,1
gilles,1,0,1
gilga,1,0,1
giles,1,0,1
gileadcontinue,1,0,1
gilchingen,1,0,1
gilad,1,0,1
gigthe,1,0,1
gigi,1,0,1
giggled,1,0,1
giggle,0,1,1
gigapixel,1,0,1
giga,1,0,1
giebel,1,0,1
gie,1,0,1
giddens,1,0,1
gilliam,1,0,1
gillivanilli420,1,0,1
gilmer,1,0,1
giropay,1,0,1
gizeh,1,0,1
giving,1,0,1
giver,1,0,1
gitlabcom,1,0,1
githubcom,1,0,1
gisma,1,0,1
girlriend,1,0,1
gilmore,1,0,1
giordano,1,0,1
gioia,1,0,1
gindorff,1,0,1
gimp,1,0,1
gimlet,1,0,1
gilroy,1,0,1
goerke,1,0,1
goeser,1,0,1
goghs,1,0,1
governing,1,0,1
gptuse,1,0,1
gpthowever,1,0,1
gpthe,1,0,1
gptfor,1,0,1
gpteven,1,0,1
gptbut,1,0,1
gptbe,1,0,1
gpt4the,1,0,1
gpt35,1,0,1
gpt34,1,0,1
gpsneural,1,0,1
gpais,1,0,1
govtech,1,0,1
governors,1,0,1
governmentto,1,0,1
gptzerome,1,0,1
gr,1,0,1
graber,1,0,1
graecum,1,0,1
granite,1,0,1
granger,1,0,1
grandtelejda,1,0,1
grandelejda,1,0,1
grammys,0,1,1
grafe,1,0,1
graduallylearn,1,0,1
grabitz,1,0,1
grading,1,0,1
gradegot,1,0,1
graded,1,0,1
gradation,1,0,1
gracht,1,0,1
graceful,1,0,1
governmentsorganizations,1,0,1
goverling,1,0,1
gogles,1,0,1
gourmet,1,0,1
goodyear,1,0,1
goodor,1,0,1
goodness,1,0,1
gooding,1,0,1
goodall,1,0,1
gonzlez,1,0,1
gommunity,1,0,1
gomes,1,0,1
gomel,1,0,1
golfemirate,1,0,1
golf,1,0,1
golems,1,0,1
golemde,1,0,1
goldsman,1,0,1
gogoll,1,0,1
googlealphabet,1,0,1
googlecovete,1,0,1
googlees,1,0,1
gorgeous,1,0,1
goulash,1,0,1
gouda,1,0,1
gou,1,0,1
gott,1,0,1
gotsch,1,0,1
gothic,1,0,1
gorge,1,0,1
googler,1,0,1
gordijewsai,1,0,1
gorai,1,0,1
gopher,1,0,1
gopalkrishnan,1,0,1
googling,1,0,1
googlewatchblog,1,0,1
fromartificial,1,0,1
frolic,1,0,1
hafenstrasse,1,0,1
falschnachrichten,1,0,1
falscha,1,0,1
falsch,1,0,1
fallen,1,0,1
falled,1,0,1
falk,1,0,1
faleainess,1,0,1
falckenberg,1,0,1
faktenfinder,1,0,1
fakevideos,1,0,1
fakespot,1,0,1
fakesgjqeu2k34ngptjbmnludphsl2ihtml,1,0,1
fakerede,1,0,1
fairytale,1,0,1
fairtrade,1,0,1
fairphone,1,0,1
falschen,1,0,1
falseed,1,0,1
fantastics,1,0,1
falsehoodsto,1,0,1
fantasies,1,0,1
fantasie,1,0,1
fanning,1,0,1
fanfiction,1,0,1
fanfare,1,0,1
fanaticism,1,0,1
famo,1,0,1
familiarness,1,0,1
familiarmozillaai,1,0,1
fame,1,0,1
faltering,1,0,1
falso,1,0,1
falsight,1,0,1
falsified50,1,0,1
falsett,1,0,1
failedequally,1,0,1
failed,1,0,1
fahrenheit,1,0,1
fahr,1,0,1
facebookhave,1,0,1
faceboocresearch,1,0,1
facebbok,1,0,1
faceapp,1,0,1
facealways,1,0,1
fabule,1,0,1
fabulate,1,0,1
fabrik,1,0,1
fabi,1,0,1
faber,1,0,1
faang,1,0,1
faact,1,0,1
faa,1,0,1
fa,1,0,1
f86f84c5b98074b38521f75a,1,0,1
facereism,1,0,1
facerezension,1,0,1
facerismcalculate,1,0,1
factualcorrectly,1,0,1
fahim,1,0,1
faffel,1,0,1
faelschungen,1,0,1
faehnache,1,0,1
faded,1,0,1
factuality,1,0,1
factfacial,1,0,1
faces,1,0,1
factchecker,1,0,1
facilitatedto,1,0,1
faciality,1,0,1
fachml,1,0,1
fachkraeftemangel,1,0,1
fachgebgettk,1,0,1
fantasticprofits,1,0,1
fanti,1,0,1
f3,1,0,1
fbn,1,0,1
fazvehemently,1,0,1
fazthis,1,0,1
faztherefore,1,0,1
fazthen,1,0,1
fazscientist,1,0,1
fazreported,1,0,1
fazother,1,0,1
fazopen,1,0,1
faznot,1,0,1
faznevertheless,1,0,1
fazkliatchko,1,0,1
fazit,1,0,1
fazhe,1,0,1
fazhas,1,0,1
fazfrom,1,0,1
fbi,1,0,1
fcb,1,0,1
fantulin,1,0,1
feardo,1,0,1
feeder,1,0,1
feeded,1,0,1
feedbook,1,0,1
feedbackget,1,0,1
feeauttre,1,0,1
fedorowas,1,0,1
fedive,1,0,1
federighis,1,0,1
federighi,1,0,1
federico,1,0,1
fecal,1,0,1
februarynot,1,0,1
featured,1,0,1
fearsome,1,0,1
fearlessly,1,0,1
fazfinally,1,0,1
fazdo,1,0,1
fazd,1,0,1
fazcooperation,1,0,1
fassbinder,1,0,1
fassbender,1,0,1
fasllama,1,0,1
fashionable,1,0,1
fasai,1,0,1
farto,1,0,1
farsighte,1,0,1
farsight,1,0,1
farnot,1,0,1
farmanfarmaian,1,0,1
farley,1,0,1
farid,1,0,1
farhad,1,0,1
fargo,1,0,1
faqs,1,0,1
fasterand,1,0,1
fasterbre,1,0,1
fatalism,1,0,1
faz11th,1,0,1
fazbe,1,0,1
fazat,1,0,1
fazalmost,1,0,1
fazaccorde,1,0,1
fazabout,1,0,1
faza,1,0,1
fatiisthierhallo,1,0,1
fatalistic,1,0,1
fathom,1,0,1
fatherstette,1,0,1
fates,1,0,1
fateful,1,0,1
fatally,1,0,1
fatalistically,1,0,1
f35,1,0,1
ezra,1,0,1
frobt202933261,1,0,1
examplein,1,0,1
examinethe,1,0,1
examined94,1,0,1
exaflops,1,0,1
ewg2ld,1,0,1
ewc,1,0,1
ewan,1,0,1
ewald,1,0,1
evonik,1,0,1
evolve,1,0,1
evolutionarily,1,0,1
evolutionalgorithms,1,0,1
evin,1,0,1
evidencewould,1,0,1
evi,1,0,1
evgeny,1,0,1
exampleapplication,1,0,1
exampleprio,1,0,1
exhilarate,1,0,1
examplerespective,1,0,1
exert,1,0,1
exegeter,1,0,1
executioner,1,0,1
executingmodel,1,0,1
excruciate,1,0,1
excretion,1,0,1
excrete,1,0,1
exclamation,1,0,1
excitingly,1,0,1
exchangesand,1,0,1
excessiveplaye,1,0,1
excessively19,1,0,1
exceedance,1,0,1
excavate,1,0,1
examplethe,1,0,1
everywherea,1,0,1
everythingso,1,0,1
everyonesecond,1,0,1
everybody,1,0,1
europolinnovationlabfacingrealitylawenforcementandthechallengeofdeepfakespdf,1,0,1
europische,1,0,1
europeappointe,1,0,1
europeans73,1,0,1
europeanparliament,1,0,1
europeanfocuseu,1,0,1
europea,1,0,1
euronews,1,0,1
eurofighter,1,0,1
eurocent,1,0,1
euroab,1,0,1
eurecommende,1,0,1
eurasian,1,0,1
euphorically99,1,0,1
euphemistic,1,0,1
euros,1,0,1
eurosproject,1,0,1
eurostoxx,1,0,1
eveahelling,1,0,1
eversberg,1,0,1
everly,1,0,1
eventthat,1,0,1
eventsthat,1,0,1
eveningfor,1,0,1
evenable,1,0,1
evangelists,1,0,1
eurowing,1,0,1
evacuation,1,0,1
evacuate,1,0,1
euwax,1,0,1
euting,1,0,1
euthanasia,1,0,1
euso,1,0,1
exhibitionsto,1,0,1
exhilaration,1,0,1
ezmwthese,1,0,1
extractively,1,0,1
extortionist,1,0,1
extinct,1,0,1
externality,1,0,1
exterior,1,0,1
exquisite,1,0,1
expropriation,1,0,1
expropriate,1,0,1
expressiveness,1,0,1
expressionsdifferent,1,0,1
expressionless,1,0,1
expressionist,1,0,1
expressionism,1,0,1
expresseson,1,0,1
exponentiality,1,0,1
explorist,1,0,1
extract450,1,0,1
extraetf,1,0,1
exiceron,1,0,1
extramarital,1,0,1
ezb,1,0,1
eywith,1,0,1
eyre,1,0,1
eyke,1,0,1
eyewiping,1,0,1
eyetracke,1,0,1
eyetracaing,1,0,1
eyesight,1,0,1
eyelid,1,0,1
eyed,1,0,1
eyeballs,1,0,1
exult,1,0,1
exude,1,0,1
extrapolve,1,0,1
extrapolation,1,0,1
explorer,1,0,1
explorative,1,0,1
exploitative,1,0,1
explicitally,1,0,1
expectable,1,0,1
expansive,1,0,1
expanse,1,0,1
expander,1,0,1
expandableto,1,0,1
exotice,1,0,1
exorbitant,1,0,1
exopolitic,1,0,1
exomagazintv,1,0,1
exodus,1,0,1
exo,1,0,1
exkement,1,0,1
exitus,1,0,1
exists,1,0,1
exil,1,0,1
expectant,1,0,1
expectations,1,0,1
expectationsto,1,0,1
expertsmaintain,1,0,1
explanationsbe,1,0,1
explanable,1,0,1
explainsthat,1,0,1
explainedto,1,0,1
explainability,1,0,1
expicit,1,0,1
expertly,1,0,1
expected,1,0,1
experten,1,0,1
experimentexcept,1,0,1
experiencing,1,0,1
experienceswith,1,0,1
expediency,1,0,1
expectedthat,1,0,1
feelin,1,0,1
feelingsmust,1,0,1
feelor,1,0,1
formare,1,0,1
formalism,1,0,1
formaldehyde,1,0,1
formable,1,0,1
forklift,1,0,1
forjustice,1,0,1
forgiving,1,0,1
forgetfulness,1,0,1
forfilm,1,0,1
forexample,1,0,1
forester,1,0,1
foreseen,1,0,1
forensicist,1,0,1
forend,1,0,1
foreman,1,0,1
forego,1,0,1
formalize,1,0,1
formats2,1,0,1
fouilleton,1,0,1
formhave,1,0,1
foto,1,0,1
forwho,1,0,1
forwardwhen,1,0,1
forwarder,1,0,1
fortnite,1,0,1
forteacher,1,0,1
forte,1,0,1
forscher,1,0,1
forrop,1,0,1
forpir,1,0,1
foropene,1,0,1
formy,1,0,1
formulaic,1,0,1
formulae,1,0,1
formula1,1,0,1
forecourt,1,0,1
forecasting,1,0,1
fordof,1,0,1
forda,1,0,1
follows,1,0,1
followership,1,0,1
followedstochastic,1,0,1
followed15,1,0,1
followai,1,0,1
follett,1,0,1
foley,1,0,1
foldable,1,0,1
fokus,1,0,1
fokken,1,0,1
foie,1,0,1
foerderauf,1,0,1
fodder,1,0,1
focusde,1,0,1
foci,1,0,1
fondsgesellschaft,1,0,1
foodadjust,1,0,1
foode,1,0,1
foothill,1,0,1
forcesfed,1,0,1
forcalculation,1,0,1
foray,1,0,1
forartificial,1,0,1
fora,1,0,1
footsteps,1,0,1
footballshould,1,0,1
foodstuff,1,0,1
footballas,1,0,1
footage,1,0,1
foose,1,0,1
foolish,1,0,1
fooletia,1,0,1
foodtech,1,0,1
foucault,1,0,1
foul,1,0,1
feet,1,0,1
frias,1,0,1
frherkenlungsyste,1,0,1
frg,1,0,1
frevert,1,0,1
freudian,1,0,1
fresher,1,0,1
fresenius,1,0,1
frequentism,1,0,1
frequented,1,0,1
frequencythe,1,0,1
frenchhave,1,0,1
frei,1,0,1
freenet,1,0,1
freedoms,1,0,1
freedomgt,1,0,1
free550,1,0,1
frhlich,1,0,1
fridayit,1,0,1
foundational,1,0,1
fridaymuessen,1,0,1
fro,1,0,1
frizzy,1,0,1
frivolous,1,0,1
fritzi,1,0,1
fritz,1,0,1
fritsch,1,0,1
frisch,1,0,1
frigate,1,0,1
friendstake,1,0,1
friedhelm,1,0,1
friederichs,1,0,1
friederich,1,0,1
friedensnobelpreis,1,0,1
friedenplan,1,0,1
friedberg,1,0,1
frederick,1,0,1
frederic,1,0,1
freddy,1,0,1
freckle,1,0,1
fractional,1,0,1
fractal,1,0,1
fraa,1,0,1
fr0010524777,1,0,1
fr0000120644,1,0,1
fpi,1,0,1
fp,1,0,1
foyer,1,0,1
foxconn,1,0,1
foxbots,1,0,1
fourta,1,0,1
fourpercentage,1,0,1
foundry,1,0,1
foundmany,1,0,1
foundationmedia,1,0,1
frag,1,0,1
fragmented,1,0,1
fragmentshas,1,0,1
frankfurtin,1,0,1
frebad,1,0,1
frauen,1,0,1
fraudgpt,1,0,1
frantsa,1,0,1
frankly,1,0,1
franklin,1,0,1
frankfurterish,1,0,1
framers,1,0,1
frankfurterischorg,1,0,1
frankel,1,0,1
franciskus,0,1,1
frances,1,0,1
framing,1,0,1
frames,1,0,1
foch,1,0,1
foams,1,0,1
fmrithis,1,0,1
filable,1,0,1
figured,1,0,1
fiftieth,1,0,1
fifthly,1,0,1
fiesling,1,0,1
fiery,1,0,1
fiercely,1,0,1
fiedler,1,0,1
fieber,1,0,1
fiddly,1,0,1
fidar,1,0,1
fictitively,1,0,1
fictionroman,1,0,1
fick,1,0,1
fiat,1,0,1
fiasco,1,0,1
figures,1,0,1
fileshare,1,0,1
fmgaccorde,1,0,1
filette,1,0,1
finanz,1,0,1
financeable,1,0,1
finalization,1,0,1
final170,1,0,1
filtered,1,0,1
filmwedwe,1,0,1
filmsis,1,0,1
films,1,0,1
filmonly,1,0,1
filmnerds,1,0,1
filmin,1,0,1
filme,1,0,1
filler,1,0,1
filip,1,0,1
filfilbranche,1,0,1
fiance,1,0,1
fhrer,1,0,1
feyerabend,1,0,1
fewest,1,0,1
fep,1,0,1
fennelly,1,0,1
feng,1,0,1
femme,1,0,1
felschen,1,0,1
fellows,1,0,1
feline,1,0,1
felicitas,1,0,1
feld,1,0,1
feiyu,1,0,1
feinkosthaus,1,0,1
feilschen,1,0,1
feighhelstein,1,0,1
fehrmen,1,0,1
feher,1,0,1
ferenda,1,0,1
ferguson,1,0,1
fernride,1,0,1
fetishization,1,0,1
fewer,1,0,1
feuilleton,1,0,1
feuerzangenbowle,1,0,1
fett,1,0,1
fetscher,1,0,1
fetishize,1,0,1
fetch,1,0,1
ferns,1,0,1
fervor,1,0,1
ferromagnetic,1,0,1
ferrofluid,1,0,1
ferret,1,0,1
ferre,1,0,1
feroceptic,1,0,1
finanzminister,1,0,1
finc,1,0,1
finch,1,0,1
flapdom,1,0,1
flog,1,0,1
fller,1,0,1
flixmobility,1,0,1
flix,1,0,1
flipped,1,0,1
flinders,1,0,1
flimsy,1,0,1
fliieh,1,0,1
flickered,1,0,1
flexion,1,0,1
fleute,1,0,1
fleetingly,1,0,1
fleecare,1,0,1
flcioorg,1,0,1
flattering,1,0,1
floodthe,1,0,1
flopped,1,0,1
floral,1,0,1
flughafen,1,0,1
fmescom,1,0,1
fm,1,0,1
flynn,1,0,1
flux,1,0,1
flute,1,0,1
flusi,1,0,1
flu,1,0,1
flore,1,0,1
floydesque,1,0,1
flowsthe,1,0,1
flowery,1,0,1
flowerpower,1,0,1
floss,1,0,1
florence,1,0,1
flattered,1,0,1
flanagan,1,0,1
finden,1,0,1
flamingo,1,0,1
firmen,1,0,1
firmbe,1,0,1
firma,1,0,1
firewood,1,0,1
firewall,1,0,1
firepower,1,0,1
firefliesai,1,0,1
firecub,1,0,1
fink,1,0,1
finja,1,0,1
finetune,1,0,1
findingsthe,1,0,1
findings,1,0,1
findface,1,0,1
findercom,1,0,1
firmware,1,0,1
firs,1,0,1
firsthand,1,0,1
fittingly,1,0,1
flair,1,0,1
flagranti,1,0,1
flaget,1,0,1
flaechendendendendendend,1,0,1
fixation,1,0,1
fivethirtyeightcom,1,0,1
fitter,1,0,1
firstthird,1,0,1
fitch,1,0,1
fistbumpbecomes,1,0,1
fissure,1,0,1
fishburne,1,0,1
fischerdrfer,1,0,1
fiscal,1,0,1
hafen,1,0,1
hagrid,1,0,1
juliaroberts,1,0,1
infostealer,1,0,1
informationand,1,0,1
informationalso,1,0,1
informational,1,0,1
informatiker,1,0,1
informant,1,0,1
infor,1,0,1
influsense,1,0,1
influent,1,0,1
influency,1,0,1
influencing,1,0,1
influencemovable,1,0,1
inflatable,1,0,1
inflammatory,1,0,1
inflame,1,0,1
infinityypool,1,0,1
informed42,1,0,1
infosys,1,0,1
initiation,1,0,1
infrankende,1,0,1
inhumanathe,1,0,1
inhofer,1,0,1
inhibitor,1,0,1
inherently,1,0,1
inhal,1,0,1
inhabitation,1,0,1
ingvild,1,0,1
ingo,1,0,1
inglourious,1,0,1
ingels,1,0,1
ingeborg,1,0,1
inga,1,0,1
infringementfreedom,1,0,1
infrared,1,0,1
infrare,1,0,1
infiltration,1,0,1
infilter,1,0,1
infilm,1,0,1
infidious,1,0,1
inefficiency,1,0,1
ineffectiveness,1,0,1
industrylast,1,0,1
industryand,1,0,1
industryaccorde,1,0,1
industry33,1,0,1
industry2022,1,0,1
industriestrom,1,0,1
industriestrae,1,0,1
industrie,1,0,1
indulge,1,0,1
indrek,1,0,1
indoor,1,0,1
indonesian,1,0,1
individualization,1,0,1
inefficiently,1,0,1
ineichen,1,0,1
ineurope,1,0,1
infantili,1,0,1
inferno,1,0,1
inferiority,1,0,1
infer,1,0,1
infectious,1,0,1
infections,1,0,1
infantry,1,0,1
infantile,1,0,1
inevitability,1,0,1
infant,1,0,1
infam,1,0,1
infact,1,0,1
inextricably,1,0,1
inexperience,1,0,1
inexorable,1,0,1
ininternet,1,0,1
injunction,1,0,1
indisputably,1,0,1
instructional,1,0,1
institutionally,1,0,1
institutionalize,1,0,1
instituteeconomy,1,0,1
instinct,1,0,1
instigate,1,0,1
instant,1,0,1
installed,1,0,1
installable,1,0,1
instagramstreaming,1,0,1
instagrammer,1,0,1
instagramand,1,0,1
instadeepin,1,0,1
inspector,1,0,1
inspace,1,0,1
insolvent,1,0,1
institutionsmost,1,0,1
instructionno,1,0,1
injurie,1,0,1
instructionspedagogical,1,0,1
intelligencehtml,1,0,1
intelligencecompose,1,0,1
intelligenceback,1,0,1
intelligence83,1,0,1
intelligence45,1,0,1
intelligence19,1,0,1
intelligen,1,0,1
integrable,1,0,1
integer,1,0,1
insurers,1,0,1
insurelessness,1,0,1
insulin,1,0,1
insufficiency,1,0,1
instrumentalization,1,0,1
instrumentalist,1,0,1
insolvencydevil,1,0,1
insocial,1,0,1
insiderwitz,1,0,1
insertion,1,0,1
inostsee,1,0,1
innsbruck,1,0,1
innovativity,1,0,1
innovatively,1,0,1
innovations,1,0,1
innovate,1,0,1
innotable,1,0,1
innocence,1,0,1
innkeeper,1,0,1
innerity,1,0,1
innate,1,0,1
inmunda,1,0,1
inmontana,1,0,1
inlet,1,0,1
ink,1,0,1
inparis,1,0,1
inpersona,1,0,1
inputs,1,0,1
inseconds,1,0,1
inseparable,1,0,1
insentonally,1,0,1
insensitive,1,0,1
insel,1,0,1
insecurity,1,0,1
insectsterbenben,1,0,1
inscribe,1,0,1
inquiriesto,1,0,1
insairung,1,0,1
insa,1,0,1
ins,1,0,1
inrupt,1,0,1
inreview,1,0,1
inresearch,1,0,1
indistinct,1,0,1
indiscriminatelyis,1,0,1
ifa,1,0,1
immediacy,1,0,1
immeasurable,1,0,1
immaterial,1,0,1
imitator,1,0,1
imimmerseight,1,0,1
img2imgthis,1,0,1
imea,1,0,1
imanuel,1,0,1
imagesreceive,1,0,1
imagesdelivere,1,0,1
imagebroker,1,0,1
illustrible,1,0,1
illustrationsanswer,1,0,1
illustrations,1,0,1
illustrating,1,0,1
illusionfact,1,0,1
immeasurables,1,0,1
immemorial,1,0,1
imprecise,1,0,1
immersion,1,0,1
imposition,1,0,1
importantour,1,0,1
implosion,1,0,1
implode,1,0,1
implicit,1,0,1
implausible,1,0,1
impfluencer,1,0,1
impetuous,1,0,1
impersonal,1,0,1
imperie,1,0,1
imperciator,1,0,1
impartiality,1,0,1
immunologist,1,0,1
immunize,1,0,1
immovable,1,0,1
illumination,1,0,1
illnesse,1,0,1
illium,1,0,1
illiarist,1,0,1
ihor,1,0,1
ignorate,1,0,1
ignition,1,0,1
ignatovas,1,0,1
ignatova,1,0,1
ignacio,1,0,1
igm,1,0,1
igirl,1,0,1
igeg,1,0,1
igcv,1,0,1
igation,1,0,1
ig7et64evnb2vnin3mp6jmuaeahtml,1,0,1
ifyou,1,0,1
ifthe,1,0,1
ifs,1,0,1
ihre,1,0,1
ihrennen,1,0,1
iihs,1,0,1
iktos,1,0,1
illiarche,1,0,1
illegible,1,0,1
ilk,1,0,1
ileana,1,0,1
il,1,0,1
ikxwuv3aovbbbbbegbedwnx2xcmy4html,1,0,1
ikg,1,0,1
iiimust,1,0,1
ikeda,1,0,1
ikea,1,0,1
iiother,1,0,1
iiiworld,1,0,1
iiithe,1,0,1
iiit,1,0,1
impoverishment,1,0,1
impressionist,1,0,1
indigo,1,0,1
incrementally,1,0,1
increasinglythat,1,0,1
incorruptible,1,0,1
incorruptibility,1,0,1
incorrigible,1,0,1
incorrectness,1,0,1
incorporation,1,0,1
inconversation,1,0,1
inconveniently,1,0,1
inconsiderable,1,0,1
incomprehensibility,1,0,1
incompetence,1,0,1
incompatibility,1,0,1
incomparably,1,0,1
includedin,1,0,1
includedbase,1,0,1
incremental,1,0,1
incriminated,1,0,1
impressionsand,1,0,1
incushion,1,0,1
indignantly,1,0,1
indifferent,1,0,1
indifference,1,0,1
indies,1,0,1
indierock,1,0,1
indict,1,0,1
indicating,1,0,1
indicates,1,0,1
indians,1,0,1
indexgive,1,0,1
indestructible,1,0,1
indentation,1,0,1
indelion,1,0,1
indefinable,1,0,1
indecisiveness,1,0,1
incitement,1,0,1
incite,1,0,1
incision,1,0,1
incineration,1,0,1
inadequacie,1,0,1
inactivity,1,0,1
inaccessibility,1,0,1
inacceptable,1,0,1
inabilitycause,1,0,1
imyear,1,0,1
imspiegel,1,0,1
imre,1,0,1
impunity,1,0,1
improvised,1,0,1
improvisation,1,0,1
improver,1,0,1
imprit,1,0,1
imprisonment,1,0,1
imprinted,1,0,1
inadmission,1,0,1
inanalogistan,1,0,1
inarea,1,0,1
incentivefor,1,0,1
incidentswere,1,0,1
incheon,1,0,1
inchange,1,0,1
incest,1,0,1
incessible,1,0,1
incessantly,1,0,1
incas,1,0,1
inattentive,1,0,1
incapacitated,1,0,1
incand,1,0,1
inboxe,1,0,1
inbox,1,0,1
inbackground,1,0,1
inaudible,1,0,1
intelligencein,1,0,1
intelligencesaid,1,0,1
intelligencethat,1,0,1
januaryaccording,1,0,1
janott,1,0,1
jannis,1,0,1
janney133,1,0,1
janney,1,0,1
jann,1,0,1
janis,1,0,1
janet,1,0,1
jamie,1,0,1
jama,1,0,1
jakov,1,0,1
jakobsplatz,1,0,1
jahre,1,0,1
jahn,1,0,1
jag,1,0,1
jaf,1,0,1
januar,1,0,1
januaryit,1,0,1
jegelka,1,0,1
japanese40,1,0,1
jedi,1,0,1
jealousy,1,0,1
jealous,1,0,1
jazzer,1,0,1
java,1,0,1
jaundice,1,0,1
jaspers,1,0,1
jasmine,1,0,1
jascha,1,0,1
jarvis,1,0,1
jarre,1,0,1
jaron,1,0,1
jaromir,1,0,1
jarno,1,0,1
japsen,1,0,1
jaehrige,1,0,1
jackpot,1,0,1
jackal,1,0,1
jack16760182918372864,1,0,1
ittempi,1,0,1
itstarte,1,0,1
itselfwas,1,0,1
itselfdisappointed,1,0,1
itpublishe,1,0,1
iton,1,0,1
ito,1,0,1
itneuronal,1,0,1
1,1,0,1
itlisten,1,0,1
itler,1,0,1
itkgmmli7l4,1,0,1
itk,1,0,1
itindependent,1,0,1
ithave,1,0,1
itthe,1,0,1
itthen,1,0,1
itto,1,0,1
ivorer,1,0,1
jabbari,1,0,1
jaair,1,0,1
izzbv2e3nfd5lohx3ruvkullpehtml,1,0,1
iyyer,1,0,1
ivy,1,0,1
ivory,1,0,1
ivbring,1,0,1
itu,1,0,1
ivana,1,0,1
ivan,1,0,1
itwhich,1,0,1
itwa,1,0,1
iturobot,1,0,1
itunes,1,0,1
jefferie,1,0,1
jekaterina,1,0,1
intelligencethink,1,0,1
joshuas,1,0,1
josepha,1,0,1
jos,1,0,1
jordi,1,0,1
joplin,1,0,1
jopa,1,0,1
jooden,1,0,1
jonze,1,0,1
jony,1,0,1
jonnie,1,0,1
jolina,1,0,1
jolie,1,0,1
joler,1,0,1
joie,1,0,1
johansson,1,0,1
johanniter,1,0,1
joshai,1,0,1
journalists,1,0,1
jelinek,1,0,1
journalnterview,1,0,1
juliane,1,0,1
juliana,1,0,1
juliahartleb,1,0,1
juillard,1,0,1
judicising,1,0,1
judiciality,1,0,1
judgmentsdoubt,1,0,1
judgeto,1,0,1
jubilate,1,0,1
ju,1,0,1
js,1,0,1
jrgens,1,0,1
jpegman,1,0,1
joystick,1,0,1
joyful,1,0,1
jogging,1,0,1
joelwilliams,1,0,1
joebiden16814247384435713,1,0,1
jockers,1,0,1
jff,1,0,1
jewgenij,1,0,1
jewgeni,1,0,1
jetzen,1,0,1
jets,1,0,1
jesusian,1,0,1
jess,1,0,1
jerusalem,1,0,1
jerky,1,0,1
jeremy,1,0,1
jeremiah,1,0,1
jenz,1,0,1
jenna,1,0,1
jenifer,1,0,1
jellyfish,1,0,1
jg5eak,1,0,1
jie,1,0,1
jimbocho,1,0,1
joanne,1,0,1
jobsnot,1,0,1
jobsnetflixcom,1,0,1
jobcenter,1,0,1
job43,1,0,1
job1000,1,0,1
joaquin,1,0,1
joanna,1,0,1
jimi,1,0,1
jo,1,0,1
jly4e2kfqt8,1,0,1
jkrowling,1,0,1
jirga,1,0,1
jinn,1,0,1
jinaai,1,0,1
itgh,1,0,1
itelligence,1,0,1
itchy,1,0,1
invalid,1,0,1
introvert,1,0,1
introductionthat,1,0,1
introducing,1,0,1
intrinsically,1,0,1
intonation,1,0,1
intolerance,1,0,1
intolerable,1,0,1
into73,1,0,1
intexas,1,0,1
inteviews,1,0,1
interviewee,1,0,1
interventionism,1,0,1
interventional,1,0,1
interrogation,1,0,1
interrogate,1,0,1
intunne,1,0,1
invasively,1,0,1
itch,1,0,1
inventedif,1,0,1
inward,1,0,1
involvedto,1,0,1
involveddeal,1,0,1
invoicessend,1,0,1
invitris,1,0,1
invited70000,1,0,1
invisibly,1,0,1
invincible,1,0,1
inviewthe,1,0,1
investmentsnot,1,0,1
investigators,1,0,1
investigations,0,1,1
investiert,1,0,1
invest79,1,0,1
inventiveness,1,0,1
interpretationfrom,1,0,1
interplanetary,1,0,1
internriesen,1,0,1
internment,1,0,1
interet,1,0,1
interestedthe,1,0,1
intereste,1,0,1
interdependency,1,0,1
intercupte,1,0,1
interconnect,1,0,1
interchangeability,1,0,1
interactively,1,0,1
interacting,1,0,1
intentionsbrought,1,0,1
intensifie,1,0,1
intenselya,1,0,1
intensely41,1,0,1
intelligible,1,0,1
intelligencewant,1,0,1
interfaces,1,0,1
interfer,1,0,1
interlagos,1,0,1
internationalize,1,0,1
internist,1,0,1
internetrouter,1,0,1
internetbot,1,0,1
internetarchive,1,0,1
internet5,1,0,1
internationalun,1,0,1
internationality,1,0,1
interlinked,1,0,1
internation,1,0,1
internalversalia,1,0,1
internalscience,1,0,1
intermodality,1,0,1
intermittent,1,0,1
interminister,1,0,1
inwere,1,0,1
inwhite,1,0,1
ionan,1,0,1
isbtt,1,0,1
issac,1,0,1
isright,1,0,1
isone,1,0,1
isntitut,1,0,1
isnow,1,0,1
islocation,1,0,1
isley,1,0,1
isitherefore,1,0,1
ishiguro,1,0,1
ishana,1,0,1
isgoogle,1,0,1
isfor,1,0,1
isen,1,0,1
isd,1,0,1
ischild,1,0,1
issch,1,0,1
isscn2t5ulm7ci3gyqnhihtml,1,0,1
issuedmnster,1,0,1
italia,1,0,1
itbusiness,1,0,1
itaugmente,1,0,1
itare,1,0,1
itand,1,0,1
itamar,1,0,1
italic,1,0,1
itaccorde,1,0,1
issuing,1,0,1
it20,1,0,1
it1970,1,0,1
iswe,1,0,1
istrue,1,0,1
istockphoto,1,0,1
isthere,1,0,1
iscenter,1,0,1
isbnso,1,0,1
ionenfall,1,0,1
isb,1,0,1
iracing,1,0,1
iqj4mxetrvcc5prz6ysu7z27syhtml,1,0,1
ipsos,1,0,1
ipoin,1,0,1
ipohe,1,0,1
ipod,1,0,1
iphoneconfigure,1,0,1
ipccgreat,1,0,1
ipccelon,1,0,1
ipaithis,1,0,1
ipais,1,0,1
ipa,1,0,1
iosit,1,0,1
iosgames,1,0,1
ionian,1,0,1
irad,1,0,1
irina,1,0,1
irman,1,0,1
irritation,1,0,1
isalway,1,0,1
isalso,1,0,1
isalready,1,0,1
isabell,1,0,1
isa,1,0,1
iryna,1,0,1
irrigate,1,0,1
irrationality,1,0,1
irrevocably,1,0,1
irresponsibility,1,0,1
irresistibly,1,0,1
irreplacement,1,0,1
irrefutable,1,0,1
irreconcilable,1,0,1
ifightdepression,1,0,1
ieso,1,0,1
hah,1,0,1
helpdesk,1,0,1
helmsman,1,0,1
helmholtzzentrum,1,0,1
helmert,1,0,1
hellsing,1,0,1
hellish,1,0,1
helion,1,0,1
helgoland,1,0,1
helge,1,0,1
helentoner,1,0,1
helberger,1,0,1
helaba,1,0,1
hek,1,0,1
heisenberg,1,0,1
heirs,1,0,1
heiress,1,0,1
helmstedt,1,0,1
helphe,1,0,1
hensel,1,0,1
helpingto,1,0,1
henner,1,0,1
henkel,1,0,1
henke,1,0,1
henk,1,0,1
henicomspinsyou,1,0,1
heni,1,0,1
hendrix,1,0,1
henchman,1,0,1
hem,1,0,1
helpul,1,0,1
helpto,1,0,1
helpsto,1,0,1
helpsnapchatcom,1,0,1
helplessness,1,0,1
helplessly,1,0,1
heinritzi,1,0,1
heinlein,1,0,1
heinar,1,0,1
heimer,1,0,1
heberlein,1,0,1
heberle,1,0,1
heben,1,0,1
hebebrand,1,0,1
hebborn,1,0,1
hearty,1,0,1
heartwarme,1,0,1
hearted,1,0,1
heartbreak,1,0,1
heartache,1,0,1
hearer,1,0,1
healthrepresenting,1,0,1
healthor,1,0,1
healthlin,1,0,1
healthbuddy,1,0,1
hebraicum,1,0,1
hecke,1,0,1
heckel,1,0,1
heidegger,1,0,1
heilig,1,0,1
heile,1,0,1
heilbronners,1,0,1
heikai,1,0,1
heieck,1,0,1
heidelbergers,1,0,1
hei,1,0,1
hectically,1,0,1
hegelian,1,0,1
heflik,1,0,1
heelys,1,0,1
hedwig,1,0,1
hedonistic,1,0,1
hedgehog,1,0,1
henri,1,0,1
henssler,1,0,1
healso,1,0,1
hgele,1,0,1
hffner,1,0,1
hfenstenator,1,0,1
heywinkel,1,0,1
heyjew,1,0,1
hewn,1,0,1
heute,1,0,1
heugel,1,0,1
heuchbail,1,0,1
hetzen,1,0,1
hett,1,0,1
hetory,1,0,1
het,1,0,1
hessischgpt,1,0,1
hessendata,1,0,1
hessefinding,1,0,1
hfner,1,0,1
hgendorf,1,0,1
herbe,1,0,1
hhe,1,0,1
highlights,1,0,1
highland,1,0,1
high78,1,0,1
hifz,1,0,1
hieronymus,1,0,1
hierarchically,1,0,1
hienieden,1,0,1
hiding,1,0,1
hideous,1,0,1
hidalgo,1,0,1
hibob,1,0,1
hiaing,1,0,1
hiaikomori,1,0,1
hhler,1,0,1
hhi,1,0,1
hess,1,0,1
hesitated,1,0,1
herzogenaurach,1,0,1
herzfeld,1,0,1
herein,1,0,1
herehave,1,0,1
herebetter,1,0,1
hereare,1,0,1
hereand,1,0,1
hereaft,1,0,1
here86,1,0,1
here4,1,0,1
here1984,1,0,1
herd,1,0,1
hercules,1,0,1
herchenrder,1,0,1
herbivorer,1,0,1
herbicide,1,0,1
herbeiswipt,1,0,1
herenone,1,0,1
hereof,1,0,1
herethat,1,0,1
hermes,1,0,1
herzemojis,1,0,1
hersspeech,1,0,1
hersacrifice,1,0,1
heroes,1,0,1
hermit,1,0,1
hermine,1,0,1
hermaphrodite,1,0,1
heretics,1,0,1
herital,1,0,1
herit,1,0,1
heriot,1,0,1
heridon,1,0,1
hereyou,1,0,1
hereto,1,0,1
health3,1,0,1
heake,1,0,1
iejp34gcnvfshe4m3egzv2spkahtml,1,0,1
handwork,1,0,1
hands,1,0,1
handpicke,1,0,1
handover,1,0,1
handon,1,0,1
handler,1,0,1
handlebar,1,0,1
handishly,1,0,1
handheld,1,0,1
handgack,1,0,1
handedness,1,0,1
handedly,1,0,1
handclearly,1,0,1
handbrake,1,0,1
handball,1,0,1
hanauer,1,0,1
handwarne,1,0,1
handyni,1,0,1
harborn,1,0,1
hanebchen,1,0,1
harbarth,1,0,1
haptically,1,0,1
happythis,1,0,1
happedhtml,1,0,1
happed,1,0,1
hapless,1,0,1
hanzo,1,0,1
hany,1,0,1
hansch,1,0,1
hansa,1,0,1
hannus,1,0,1
hanno,1,0,1
hanning,1,0,1
hanke,1,0,1
hangover,1,0,1
hanau,1,0,1
hanaplatz,1,0,1
hanania,1,0,1
hamzamughal,1,0,1
halicin,1,0,1
halftime,1,0,1
halfsecond,1,0,1
halen,1,0,1
hale,1,0,1
haldensleben,1,0,1
halbersbacher,1,0,1
hairpin,1,0,1
haircut,1,0,1
haircase,1,0,1
hailstone,1,0,1
hail,1,0,1
haifa,1,0,1
hahren,1,0,1
hahnenkamm,1,0,1
halitus,1,0,1
hallenbad,1,0,1
hallensleben,1,0,1
hamidreza,1,0,1
hamster,1,0,1
hampshire,1,0,1
hammock,1,0,1
hamlet,1,0,1
hamiltonnot,1,0,1
hamill,1,0,1
hamburgrticle227170125,1,0,1
hallucinated,1,0,1
hamborg,1,0,1
ham,1,0,1
halthe,1,0,1
hallucinogenic,1,0,1
hallucine,1,0,1
hallucinatorial,1,0,1
harbe,1,0,1
hardship,1,0,1
headwork,1,0,1
hazelnut,1,0,1
haymat,1,0,1
hayes,1,0,1
haya,1,0,1
hawtin,1,0,1
hawes,1,0,1
hawains,1,0,1
havertz,1,0,1
havereturne,1,0,1
havenot,1,0,1
havener,1,0,1
havein,1,0,1
havchen,1,0,1
hautiger,1,0,1
hauselfe,1,0,1
hausabeiten,1,0,1
hayo,1,0,1
hb32pciaf7nhjrj4hvdvjvmhtml,1,0,1
hardstylusic,1,0,1
hb32pciafhf7nhjrj4hvdvjvmhtml,1,0,1
headsetmake,1,0,1
headquartersrole,1,0,1
headquartered,1,0,1
headphones,1,0,1
headlines,1,0,1
headlight,1,0,1
headless,1,0,1
header,1,0,1
headedness,1,0,1
headed,1,0,1
headcon,1,0,1
hctor,1,0,1
hcqzkgrnfufbg,1,0,1
hch,1,0,1
hc,1,0,1
hausabe,1,0,1
haupter,1,0,1
haupt,1,0,1
hauler,1,0,1
harvester,1,0,1
harvardto,1,0,1
hartz,1,0,1
hartwich,1,0,1
hartreim,1,0,1
harrisit,1,0,1
harrise,1,0,1
harrisburg,1,0,1
harmon,1,0,1
harmfulness,1,0,1
hariri,1,0,1
hariharakrishnan,1,0,1
hargreaves,1,0,1
hardte,1,0,1
hardt,1,0,1
harvey,1,0,1
harzer,1,0,1
hasal,1,0,1
hatch,1,0,1
haugen,1,0,1
hattendorf,1,0,1
hatsune,1,0,1
hatre,1,0,1
hating,1,0,1
hathaway,1,0,1
hatay,1,0,1
hasan,1,0,1
hastily,1,0,1
hasta,1,0,1
hasshe,1,0,1
hasselhoff,1,0,1
haspa,1,0,1
hasdis,1,0,1
highmeasure,1,0,1
hightech,1,0,1
hijacked,1,0,1
husmann,1,0,1
hurrow,1,0,1
hurratische,1,0,1
hurdledrastically,1,0,1
hurd,1,0,1
hundredyear,1,0,1
hundredth,1,0,1
hundredscreenwriter,1,0,1
hundreds,1,0,1
hundredfold,1,0,1
humus,1,0,1
humped,1,0,1
hump,1,0,1
humorless,1,0,1
hummel,1,0,1
humid,1,0,1
husler,1,0,1
hut,1,0,1
hyperparameter,1,0,1
hutton,1,0,1
hyperlink,1,0,1
hypergrelle,1,0,1
hypen,1,0,1
hypehowever,1,0,1
hypearound,1,0,1
hypea,1,0,1
hynix,1,0,1
hygienic,1,0,1
hyer,1,0,1
hydrogel,1,0,1
hydraulic,1,0,1
hwr,1,0,1
hwang,1,0,1
hvo,1,0,1
huxley,1,0,1
humbug,1,0,1
humbly,1,0,1
humanseven,1,0,1
humanity20,1,0,1
huesmann,1,0,1
huch,1,0,1
hubspot,1,0,1
hubig,1,0,1
hubertusheil,1,0,1
huaweis,1,0,1
httxegx75aqziokv6izbxjnqhtml,1,0,1
httpberners,1,0,1
httge,1,0,1
hthe,1,0,1
htf,1,0,1
hter,1,0,1
hseyin,1,0,1
hrtgen,1,0,1
hres,1,0,1
huey,1,0,1
hugendick,1,0,1
huggingfaceco,1,0,1
hum,1,0,1
humanisticcan,1,0,1
humanistic,1,0,1
humanistas,1,0,1
humaninterference,1,0,1
humangenom,1,0,1
humancomput,1,0,1
hultschiner,1,0,1
hughes,1,0,1
hukcoburg,1,0,1
huk24the,1,0,1
huk24in,1,0,1
huiwen,1,0,1
hui,1,0,1
huhu,1,0,1
hypermodern,1,0,1
hyperscale,1,0,1
hiker,1,0,1
idealist,1,0,1
ideafor,1,0,1
idcargo,1,0,1
idand,1,0,1
idalia,1,0,1
idaccorde,1,0,1
idabuzz,1,0,1
id3524669,1,0,1
id3,1,0,1
ictos,1,0,1
icsmt6yb2jbopcrhkvjluc7s3ahtml,1,0,1
icrimax,1,0,1
icq,1,0,1
icompanie,1,0,1
ichhoerte,1,0,1
icernetwork,1,0,1
idealism,1,0,1
idealistic,1,0,1
hypersee,1,0,1
idegenerator,1,0,1
iefert,1,0,1
ie00blrpqh31,1,0,1
ie00bk5bcd43,1,0,1
ie00b1xnhc34,1,0,1
idtake,1,0,1
ids,1,0,1
idiosyncrasie,1,0,1
idiocy,1,0,1
idhowever,1,0,1
ideologue,1,0,1
ideologie,1,0,1
ideographic,1,0,1
identifying,1,0,1
identifiability,1,0,1
identically,1,0,1
icebreaker,1,0,1
icder,1,0,1
icarus,1,0,1
icaing,1,0,1
i3xn5i1xnrc,1,0,1
i2ffmw54snpr3by7lv22zs7oqehtml,1,0,1
hyundai,1,0,1
hysterical,1,0,1
hysteric,1,0,1
hysteria,1,0,1
hypthema,1,0,1
hypovereinsbank,1,0,1
hypothese,1,0,1
hypoport,1,0,1
hypnotize,1,0,1
hypnotically,1,0,1
hypnotic,1,0,1
hypnosis,1,0,1
hyperventilate,1,0,1
i5ryfs,1,0,1
i5ryfsnd5fsnd5frh7nohyah7zlqhtml,1,0,1
i7blraox2rldpdugyu3btla32uhtml,1,0,1
ibes,1,0,1
ic,1,0,1
ibuprofen,1,0,1
iboy,1,0,1
ibmunion,1,0,1
ibmrevoicer,1,0,1
ibmand,1,0,1
ib5snt4g4vfvnlhj3jd3bktuhtml,1,0,1
iabut,1,0,1
iata,1,0,1
iaevis,1,0,1
iaeafor,1,0,1
iaeaalthough,1,0,1
iaea,1,0,1
iac,1,0,1
hradec,1,0,1
hplovecraft,1,0,1
hpiincidentally,1,0,1
ho,1,0,1
hnhik,1,0,1
hmm,1,0,1
hme,1,0,1
hm,1,0,1
hlsen,1,0,1
hlne,1,0,1
hkwhe,1,0,1
hk,1,0,1
hiwi,1,0,1
hiv,1,0,1
hito,1,0,1
hite,1,0,1
historyleave,1,0,1
historyis,1,0,1
histogram,1,0,1
hnt3l6awbne6na4yfx4jyikag4html,1,0,1
hoan,1,0,1
hpide,1,0,1
hoax,1,0,1
hohenberger,1,0,1
hohen,1,0,1
hohe,1,0,1
hogwarts,1,0,1
hogarth,1,0,1
hofgeismar,1,0,1
hofdame,1,0,1
hof,1,0,1
hoechstes,1,0,1
hodjat,1,0,1
hochtief,1,0,1
hochachka,1,0,1
hoch,1,0,1
hobbie,1,0,1
hoaxsearch,1,0,1
histener,1,0,1
hissuccessor,1,0,1
hissrich,1,0,1
hissources,1,0,1
hines,1,0,1
hindu,1,0,1
hinde,1,0,1
hin,1,0,1
himmler,1,0,1
himmelrath,1,0,1
himmelberg,1,0,1
himand,1,0,1
hilmar,1,0,1
hille,1,0,1
hilgenberg,1,0,1
hilft,1,0,1
hildenbrand,1,0,1
hildegard,1,0,1
hilbert,1,0,1
hinkes,1,0,1
hinkle,1,0,1
hinter,1,0,1
hired,1,0,1
hissen,1,0,1
hismit,1,0,1
hisemployees,1,0,1
hirono,1,0,1
hiroaai,1,0,1
hirnscan,1,0,1
hirai,1,0,1
hintergruende,1,0,1
hipster,1,0,1
hippie,1,0,1
hipper,1,0,1
hintons,1,0,1
hintonhtml,1,0,1
hinterland,1,0,1
hohenegg,1,0,1
hohenheim,1,0,1
hohenlohekreis,1,0,1
hoppeoehl,1,0,1
hossefeld,1,0,1
hospodarske,1,0,1
hospitant,1,0,1
hospitality,1,0,1
hosianna,1,0,1
hose,1,0,1
horrortriggere,1,0,1
horrent,1,0,1
horrendous,1,0,1
horkheimers,1,0,1
horkheim,1,0,1
horizontally,1,0,1
horizont,1,0,1
horder,1,0,1
horde,1,0,1
hostly,1,0,1
hoteli,1,0,1
hotte80,1,0,1
howeverlittle,1,0,1
hp8,1,0,1
hozier,1,0,1
howunfortunately,1,0,1
howthe,1,0,1
howour,1,0,1
howling,1,0,1
howeverhowever,1,0,1
hoult,1,0,1
howevera,1,0,1
howcan,1,0,1
howare,1,0,1
housesee,1,0,1
houseredeem,1,0,1
hourpodcast,1,0,1
hoppla,1,0,1
hopes,1,0,1
hohwy,1,0,1
hopeon,1,0,1
homeschoole,1,0,1
homeruns,1,0,1
homer,1,0,1
homeoffice,1,0,1
homebrew,1,0,1
holzzimitat,1,0,1
holzmarktstrae,1,0,1
holzhause,1,0,1
holon,1,0,1
hololens,1,0,1
holmes,1,0,1
hollywoods,1,0,1
hollowing,1,0,1
holey,1,0,1
hoisten,1,0,1
hommel,1,0,1
homophobia,1,0,1
homosexuality,1,0,1
honza,1,0,1
hopelessness,1,0,1
hoovers,1,0,1
hooktake,1,0,1
hoof,1,0,1
hooded,1,0,1
hoo,1,0,1
honoroscar,1,0,1
homunculus,1,0,1
honorarie,1,0,1
honold,1,0,1
honk,1,0,1
honeypot,1,0,1
honeycomb,1,0,1
honeybee,1,0,1
zyklop,1,0,1
